       0  1.22e+03  2.61e+03  3.09e+03 -2.33e+04 -1.08e+04 -3.24e+04 -1.15e+04 -1.32e+04
      12  1.22e+03  2.61e+03  3.09e+03 -2.33e+04 -1.08e+04 -3.24e+04 -1.15e+04 -1.32e+04
      24  4.07e+03  5.31e+03  6.68e+03 -3.50e+04 -1.45e+04 -4.84e+04 -1.63e+04 -1.94e+04
      36  2.59e+03  3.38e+03  4.25e+03 -2.23e+04 -9.26e+03 -3.08e+04 -1.04e+04 -1.24e+04
      48 -1.97e+03  1.14e+03  1.03e+03 -2.93e+04 -1.32e+04 -3.72e+04 -1.45e+04 -1.63e+04
      60 -1.25e+03  7.23e+02  6.58e+02 -1.86e+04 -8.41e+03 -2.37e+04 -9.24e+03 -1.04e+04
      72 -3.40e+03 -2.86e+02 -4.05e+02 -2.97e+04 -1.42e+04 -3.77e+04 -1.47e+04 -1.76e+04
      84 -2.16e+03 -1.75e+02 -2.53e+02 -1.89e+04 -9.03e+03 -2.40e+04 -9.34e+03 -1.12e+04
      96  2.19e+03  1.90e+03  3.28e+03 -2.14e+04 -8.45e+03 -2.77e+04 -9.48e+03 -1.24e+04
     108  1.39e+03  1.21e+03  2.09e+03 -1.36e+04 -5.38e+03 -1.76e+04 -6.03e+03 -7.87e+03
     120 -1.07e+02  3.34e+02  1.16e+03 -1.90e+04 -7.81e+03 -2.44e+04 -9.05e+03 -1.19e+04
     132 -1.30e+03 -3.73e+02  1.41e+02 -1.88e+04 -8.22e+03 -2.32e+04 -9.18e+03 -1.18e+04
     144 -8.44e+02 -6.83e+02  2.81e+01 -1.62e+04 -6.67e+03 -1.82e+04 -7.44e+03 -1.00e+04
     156 -4.89e+02 -6.35e+02  1.07e+02 -1.54e+04 -5.90e+03 -1.65e+04 -6.65e+03 -9.28e+03
     168 -9.17e+02 -1.35e+03 -6.19e+02 -1.35e+04 -4.77e+03 -1.32e+04 -5.56e+03 -8.44e+03
     180 -1.53e+03 -1.72e+03 -1.15e+03 -1.33e+04 -4.96e+03 -1.33e+04 -5.71e+03 -8.62e+03
     192 -1.55e+03 -2.29e+03 -1.48e+03 -1.03e+04 -3.76e+03 -8.95e+03 -4.27e+03 -7.13e+03
     204 -1.34e+03 -2.40e+03 -1.33e+03 -9.28e+03 -3.31e+03 -7.35e+03 -3.66e+03 -6.44e+03
     216 -1.79e+03 -3.13e+03 -1.92e+03 -7.15e+03 -2.08e+03 -3.56e+03 -2.36e+03 -5.18e+03
     228 -2.07e+03 -3.22e+03 -2.13e+03 -7.07e+03 -1.87e+03 -3.35e+03 -2.23e+03 -5.04e+03
     240 -2.70e+03 -3.90e+03 -2.95e+03 -4.84e+03 -9.50e+02  5.57e+01 -1.24e+03 -4.05e+03
     252 -2.70e+03 -3.96e+03 -3.10e+03 -3.70e+03 -6.52e+02  1.33e+03 -8.94e+02 -3.68e+03
     264 -3.04e+03 -4.65e+03 -3.73e+03 -1.15e+03  4.95e+02  5.65e+03  4.67e+02 -2.39e+03
     276 -3.24e+03 -4.81e+03 -3.91e+03 -1.09e+03  6.07e+02  6.25e+03  6.58e+02 -2.22e+03
     288 -3.79e+03 -5.59e+03 -4.58e+03  7.17e+02  1.54e+03  9.31e+03  1.64e+03 -1.30e+03
     300 -3.64e+03 -5.70e+03 -4.51e+03  1.46e+03  1.88e+03  9.88e+03  1.88e+03 -1.03e+03
     312 -3.82e+03 -6.35e+03 -5.01e+03  4.13e+03  3.09e+03  1.38e+04  3.21e+03  2.23e+02
     324 -3.95e+03 -6.43e+03 -5.17e+03  4.46e+03  3.22e+03  1.46e+04  3.49e+03  4.65e+02
     336 -4.67e+03 -7.12e+03 -5.90e+03  6.06e+03  4.00e+03  1.78e+04  4.45e+03  1.48e+03
     348 -4.80e+03 -7.22e+03 -5.92e+03  6.37e+03  4.14e+03  1.83e+04  4.55e+03  1.72e+03
     360 -5.12e+03 -7.96e+03 -6.50e+03  8.92e+03  5.29e+03  2.21e+04  5.74e+03  2.80e+03
     372 -5.12e+03 -8.09e+03 -6.71e+03  9.53e+03  5.54e+03  2.30e+04  6.02e+03  2.91e+03
     384 -5.61e+03 -8.75e+03 -7.50e+03  1.13e+04  6.38e+03  2.62e+04  7.05e+03  3.81e+03
     396 -5.66e+03 -8.69e+03 -7.55e+03  1.13e+04  6.38e+03  2.62e+04  7.07e+03  4.08e+03
     408 -5.99e+03 -9.25e+03 -7.96e+03  1.31e+04  7.28e+03  2.90e+04  8.00e+03  5.31e+03
     420 -6.01e+03 -9.29e+03 -7.94e+03  1.36e+04  7.50e+03  2.95e+04  8.19e+03  5.59e+03
     432 -6.47e+03 -1.00e+04 -8.59e+03  1.57e+04  8.49e+03  3.30e+04  9.31e+03  6.44e+03
     444 -6.51e+03 -1.01e+04 -8.66e+03  1.60e+04  8.65e+03  3.36e+04  9.51e+03  6.39e+03
     456 -6.85e+03 -1.08e+04 -9.17e+03  1.78e+04  9.48e+03  3.65e+04  1.04e+04  7.22e+03
     468 -6.81e+03 -1.08e+04 -9.13e+03  1.78e+04  9.48e+03  3.66e+04  1.04e+04  7.40e+03
     480 -7.14e+03 -1.14e+04 -9.67e+03  1.94e+04  1.02e+04  3.94e+04  1.13e+04  8.42e+03
     492 -7.12e+03 -1.14e+04 -9.67e+03  1.95e+04  1.02e+04  3.94e+04  1.13e+04  8.62e+03
     504 -7.52e+03 -1.20e+04 -1.02e+04  2.13e+04  1.10e+04  4.23e+04  1.22e+04  9.51e+03
     516 -7.61e+03 -1.20e+04 -1.03e+04  2.16e+04  1.11e+04  4.29e+04  1.23e+04  9.59e+03
     528 -8.01e+03 -1.26e+04 -1.09e+04  2.34e+04  1.19e+04  4.56e+04  1.32e+04  1.04e+04
     540 -8.02e+03 -1.25e+04 -1.08e+04  2.35e+04  1.19e+04  4.53e+04  1.32e+04  1.04e+04
     552 -8.38e+03 -1.29e+04 -1.13e+04  2.50e+04  1.26e+04  4.78e+04  1.40e+04  1.12e+04
     564 -8.44e+03 -1.30e+04 -1.14e+04  2.50e+04  1.28e+04  4.86e+04  1.41e+04  1.12e+04
     576 -8.79e+03 -1.36e+04 -1.20e+04  2.65e+04  1.36e+04  5.17e+04  1.49e+04  1.20e+04
     588 -8.71e+03 -1.36e+04 -1.19e+04  2.64e+04  1.36e+04  5.15e+04  1.50e+04  1.19e+04
     600 -8.92e+03 -1.41e+04 -1.23e+04  2.79e+04  1.41e+04  5.30e+04  1.57e+04  1.26e+04
     612 -8.84e+03 -1.41e+04 -1.23e+04  2.81e+04  1.41e+04  5.27e+04  1.59e+04  1.26e+04
     624 -9.17e+03 -1.47e+04 -1.28e+04  2.98e+04  1.49e+04  5.52e+04  1.68e+04  1.35e+04
     636 -9.17e+03 -1.47e+04 -1.28e+04  3.00e+04  1.49e+04  5.55e+04  1.69e+04  1.36e+04
     648 -9.49e+03 -1.51e+04 -1.32e+04  3.13e+04  1.55e+04  5.76e+04  1.75e+04  1.43e+04
     660 -9.50e+03 -1.50e+04 -1.31e+04  3.12e+04  1.54e+04  5.76e+04  1.73e+04  1.43e+04
     672 -9.85e+03 -1.54e+04 -1.35e+04  3.23e+04  1.59e+04  5.96e+04  1.78e+04  1.49e+04
     684 -9.86e+03 -1.54e+04 -1.34e+04  3.22e+04  1.58e+04  5.96e+04  1.76e+04  1.49e+04
     696 -1.02e+04 -1.59e+04 -1.39e+04  3.33e+04  1.63e+04  6.09e+04  1.81e+04  1.55e+04
     708 -1.02e+04 -1.59e+04 -1.39e+04  3.33e+04  1.63e+04  6.05e+04  1.81e+04  1.56e+04
     720 -1.04e+04 -1.65e+04 -1.44e+04  3.44e+04  1.68e+04  6.15e+04  1.86e+04  1.61e+04
     732 -1.03e+04 -1.66e+04 -1.44e+04  3.43e+04  1.66e+04  6.10e+04  1.85e+04  1.60e+04
     744 -1.06e+04 -1.70e+04 -1.47e+04  3.53e+04  1.71e+04  6.17e+04  1.90e+04  1.65e+04
     756 -1.05e+04 -1.67e+04 -1.47e+04  3.52e+04  1.72e+04  6.09e+04  1.91e+04  1.66e+04
     768 -1.08e+04 -1.68e+04 -1.51e+04  3.62e+04  1.77e+04  6.13e+04  1.97e+04  1.71e+04
     780 -1.07e+04 -1.66e+04 -1.49e+04  3.60e+04  1.76e+04  6.06e+04  1.95e+04  1.70e+04
     792 -1.09e+04 -1.71e+04 -1.52e+04  3.67e+04  1.78e+04  6.13e+04  1.98e+04  1.73e+04
     804 -1.08e+04 -1.71e+04 -1.50e+04  3.66e+04  1.76e+04  6.08e+04  1.96e+04  1.71e+04
     816 -1.10e+04 -1.75e+04 -1.54e+04  3.75e+04  1.79e+04  6.13e+04  2.00e+04  1.75e+04
     828 -1.10e+04 -1.75e+04 -1.53e+04  3.75e+04  1.78e+04  6.08e+04  1.99e+04  1.74e+04
     840 -1.12e+04 -1.79e+04 -1.56e+04  3.84e+04  1.80e+04  6.13e+04  2.02e+04  1.77e+04
     852 -1.12e+04 -1.79e+04 -1.56e+04  3.82e+04  1.79e+04  6.08e+04  2.01e+04  1.76e+04
     864 -1.14e+04 -1.82e+04 -1.59e+04  3.90e+04  1.81e+04  6.13e+04  2.05e+04  1.80e+04
     876 -1.15e+04 -1.80e+04 -1.59e+04  3.87e+04  1.80e+04  6.08e+04  2.05e+04  1.79e+04
     888 -1.16e+04 -1.83e+04 -1.62e+04  3.92e+04  1.83e+04  6.13e+04  2.08e+04  1.83e+04
     900 -1.15e+04 -1.82e+04 -1.61e+04  3.89e+04  1.82e+04  6.08e+04  2.06e+04  1.82e+04
     912 -1.18e+04 -1.83e+04 -1.64e+04  3.93e+04  1.84e+04  6.13e+04  2.10e+04  1.85e+04
     924 -1.18e+04 -1.80e+04 -1.63e+04  3.87e+04  1.82e+04  6.08e+04  2.09e+04  1.83e+04
     936 -1.19e+04 -1.83e+04 -1.65e+04  3.92e+04  1.84e+04  6.13e+04  2.11e+04  1.86e+04
     948 -1.13e+04 -1.87e+04 -1.63e+04  3.92e+04  1.85e+04  6.08e+04  2.07e+04  1.86e+04
     960 -1.11e+04 -1.93e+04 -1.65e+04  4.00e+04  1.88e+04  6.13e+04  2.07e+04  1.90e+04
     972 -1.12e+04 -1.90e+04 -1.65e+04  3.98e+04  1.87e+04  6.08e+04  2.05e+04  1.88e+04
     984 -1.17e+04 -1.88e+04 -1.69e+04  4.00e+04  1.87e+04  6.13e+04  2.07e+04  1.89e+04
     996 -1.19e+04 -1.82e+04 -1.69e+04  3.96e+04  1.84e+04  6.08e+04  2.05e+04  1.87e+04
    1008 -1.20e+04 -1.84e+04 -1.72e+04  4.00e+04  1.85e+04  6.13e+04  2.06e+04  1.88e+04
    1020 -1.19e+04 -1.83e+04 -1.70e+04  3.97e+04  1.83e+04  6.08e+04  2.03e+04  1.86e+04
    1032 -1.19e+04 -1.86e+04 -1.70e+04  4.00e+04  1.82e+04  6.13e+04  2.04e+04  1.87e+04
    1044 -1.20e+04 -1.87e+04 -1.66e+04  3.96e+04  1.79e+04  6.08e+04  2.02e+04  1.85e+04
    1056 -1.20e+04 -1.92e+04 -1.66e+04  4.00e+04  1.79e+04  6.13e+04  2.03e+04  1.86e+04
    1068 -1.22e+04 -1.94e+04 -1.63e+04  3.98e+04  1.76e+04  6.09e+04  2.01e+04  1.84e+04
    1080 -1.17e+04 -1.94e+04 -1.64e+04  4.00e+04  1.77e+04  6.13e+04  2.02e+04  1.84e+04
    1092 -1.14e+04 -1.93e+04 -1.64e+04  3.96e+04  1.76e+04  6.08e+04  2.00e+04  1.83e+04
    1104 -1.04e+04 -1.90e+04 -1.67e+04  4.00e+04  1.75e+04  6.13e+04  2.01e+04  1.83e+04
    1116 -1.10e+04 -1.87e+04 -1.69e+04  4.00e+04  1.72e+04  6.09e+04  2.00e+04  1.82e+04
    1128 -8.76e+03 -1.85e+04 -1.71e+04  4.00e+04  1.74e+04  6.13e+04  2.00e+04  1.83e+04
    1140 -5.79e+03 -1.75e+04 -1.73e+04  3.90e+04  1.77e+04  6.05e+04  1.98e+04  1.82e+04
    1152 -5.96e+03 -1.65e+04 -1.68e+04  3.87e+04  1.80e+04  6.05e+04  1.97e+04  1.82e+04
    1164 -1.69e+04 -1.55e+04 -1.59e+04  3.84e+04  1.75e+04  6.00e+04  1.94e+04  1.79e+04
    1176 -3.99e+04 -1.35e+04 -1.62e+04  3.87e+04  1.66e+04  6.05e+04  1.93e+04  1.77e+04
    1188 -5.48e+04 -9.73e+03 -1.59e+04  3.77e+04  1.59e+04  6.01e+04  1.90e+04  1.73e+04
    1200 -4.20e+04 -1.40e+04 -1.51e+04  3.74e+04  1.59e+04  6.05e+04  1.89e+04  1.71e+04
    1212  4.79e+03 -3.34e+04 -1.34e+04  3.81e+04  1.59e+04  6.01e+04  1.88e+04  1.69e+04
    1224  5.57e+04 -6.29e+04 -1.08e+04  3.81e+04  1.61e+04  6.05e+04  1.87e+04  1.68e+04
    1236  7.41e+04 -7.62e+04 -9.33e+03  3.99e+04  1.58e+04  6.01e+04  1.87e+04  1.68e+04
    1248  3.97e+04 -4.45e+04 -1.64e+04  3.87e+04  1.58e+04  6.05e+04  1.86e+04  1.68e+04
    1260 -2.48e+04  1.85e+04 -3.41e+04  3.71e+04  1.59e+04  5.99e+04  1.83e+04  1.68e+04
    1272 -7.71e+04  7.43e+04 -5.39e+04  4.00e+04  1.56e+04  6.05e+04  1.80e+04  1.66e+04
    1284 -9.40e+04  8.45e+04 -5.76e+04  3.64e+04  1.68e+04  6.02e+04  1.75e+04  1.63e+04
    1296 -7.71e+04  3.52e+04 -2.79e+04  3.09e+04  1.71e+04  6.05e+04  1.71e+04  1.60e+04
    1308 -3.17e+04 -4.24e+04  1.86e+04  1.80e+04  1.92e+04  6.20e+04  1.62e+04  1.57e+04
    1320  1.64e+04 -9.90e+04  5.73e+04  8.40e+03  1.93e+04  6.05e+04  1.63e+04  1.55e+04
    1332  5.19e+04 -1.15e+05  5.80e+04  1.41e+04  1.50e+04  6.00e+04  1.64e+04  1.52e+04
    1344  5.98e+04 -9.55e+04  1.56e+04  3.84e+04  1.91e+03  6.25e+04  1.66e+04  1.51e+04
    1356  3.79e+04 -4.75e+04 -4.29e+04  6.91e+04 -1.30e+04  6.25e+04  1.73e+04  1.48e+04
    1368 -4.20e+03  6.93e+03 -8.28e+04  8.54e+04 -1.63e+04  6.20e+04  1.69e+04  1.50e+04
    1380 -4.91e+04  5.06e+04 -8.89e+04  7.27e+04  2.82e+03  5.12e+04  1.71e+04  1.51e+04
    1392 -7.45e+04  6.79e+04 -6.79e+04  4.20e+04  3.77e+04  3.68e+04  1.97e+04  1.49e+04
    1404 -6.88e+04  4.71e+04 -2.96e+04  6.03e+03  6.50e+04  2.52e+04  2.26e+04  1.48e+04
    1416 -3.18e+04 -9.61e+02  1.10e+04 -1.58e+04  6.69e+04  3.81e+04  1.94e+04  1.50e+04
    1428  9.22e+03 -5.52e+04  3.85e+04 -1.68e+04  3.85e+04  5.96e+04  7.10e+03  1.57e+04
    1440  3.60e+04 -8.56e+04  4.37e+04  2.67e+02 -5.44e+03  8.16e+04 -1.19e+04  1.68e+04
    1452  3.72e+04 -8.18e+04  2.36e+04  2.63e+04 -3.72e+04  9.07e+04 -2.30e+04  1.76e+04
    1464  1.38e+04 -4.37e+04 -1.26e+04  5.27e+04 -4.49e+04  8.05e+04 -1.30e+04  1.44e+04
    1476 -1.48e+04 -8.42e+02 -4.74e+04  6.95e+04 -2.98e+04  4.76e+04  2.30e+04  3.86e+03
    1488 -3.49e+04  2.64e+04 -6.27e+04  6.78e+04  2.14e+03  1.37e+04  6.08e+04 -1.01e+04
    1500 -4.11e+04  3.03e+04 -5.60e+04  4.76e+04  3.58e+04 -5.60e+03  7.79e+04 -1.53e+04
    1512 -3.34e+04  9.53e+03 -2.76e+04  2.33e+04  5.78e+04 -5.93e+02  6.44e+04 -5.24e+02
    1524 -2.05e+04 -1.74e+04  2.98e+02  2.93e+03  5.81e+04  2.50e+04  2.15e+04  3.08e+04
    1536 -6.21e+03 -3.74e+04  1.59e+04 -3.53e+03  3.42e+04  5.40e+04 -2.05e+04  5.95e+04
    1548  3.23e+03 -4.39e+04  1.35e+04  5.19e+03  4.33e+02  7.70e+04 -4.76e+04  6.62e+04
    1560  6.00e+03 -3.54e+04 -1.81e+03  2.13e+04 -2.62e+04  8.69e+04 -4.85e+04  3.89e+04
    1572  3.94e+01 -2.15e+04 -1.96e+04  3.67e+04 -3.26e+04  8.01e+04 -2.59e+04 -3.84e+03
    1584 -1.11e+04 -8.52e+03 -2.90e+04  4.50e+04 -1.64e+04  5.74e+04  8.78e+03 -3.86e+04
    1596 -1.98e+04 -4.67e+03 -2.94e+04  4.36e+04  1.01e+04  2.87e+04  4.28e+04 -4.91e+04
    1608 -2.06e+04 -8.48e+03 -2.11e+04  3.10e+04  3.22e+04  5.23e+03  6.29e+04 -3.19e+04
    1620 -1.32e+04 -1.88e+04 -1.33e+04  1.78e+04  4.06e+04  1.24e+03  5.99e+04  2.42e+02
    1632 -3.36e+03 -2.71e+04 -7.59e+03  9.41e+03  3.38e+04  1.68e+04  3.18e+04  3.41e+04
    1644  1.88e+03 -2.79e+04 -8.08e+03  9.54e+03  1.71e+04  4.22e+04 -2.72e+03  5.55e+04
    1656 -1.38e+03 -2.00e+04 -1.34e+04  1.53e+04 -3.53e+03  6.24e+04 -2.78e+04  5.73e+04
    1668 -8.82e+03 -4.95e+03 -1.98e+04  2.38e+04 -1.68e+04  6.78e+04 -3.28e+04  3.36e+04
    1680 -1.47e+04  6.46e+03 -2.30e+04  2.66e+04 -1.80e+04  5.71e+04 -1.49e+04  1.52e+03
    1692 -1.47e+04  7.36e+03 -2.12e+04  2.53e+04 -5.99e+03  3.83e+04  1.05e+04 -2.67e+04
    1704 -1.23e+04 -4.65e+03 -1.36e+04  1.93e+04  1.08e+04  2.63e+04  3.07e+04 -3.51e+04
    1716 -1.08e+04 -2.00e+04 -5.40e+03  1.30e+04  2.23e+04  1.68e+04  3.82e+04 -2.12e+04
    1728 -1.24e+04 -3.04e+04 -3.77e+02  1.31e+04  2.17e+04  1.75e+04  2.97e+04  4.54e+03
    1740 -1.28e+04 -2.92e+04 -2.46e+03  1.55e+04  1.25e+04  2.44e+04  1.43e+04  3.01e+04
    1752 -9.03e+03 -2.11e+04 -9.28e+03  1.87e+04  4.95e+02  3.29e+04 -1.54e+03  4.09e+04
    1764 -2.74e+03 -1.08e+04 -1.54e+04  2.00e+04 -5.76e+03  3.71e+04 -9.59e+03  3.35e+04
    1776  4.50e+01 -4.50e+03 -1.68e+04  2.03e+04 -4.23e+03  3.48e+04 -8.30e+03  1.00e+04
    1788 -3.82e+03 -2.83e+03 -1.48e+04  1.86e+04  2.77e+03  2.82e+04 -3.54e+02 -1.20e+04
    1800 -1.38e+04 -5.14e+03 -1.18e+04  1.55e+04  1.05e+04  2.43e+04  8.02e+03 -2.19e+04
    1812 -2.14e+04 -1.17e+04 -1.11e+04  1.29e+04  1.48e+04  2.32e+04  1.24e+04 -1.51e+04
    1824 -2.20e+04 -1.78e+04 -1.07e+04  1.00e+04  1.21e+04  2.48e+04  1.12e+04  1.60e+03
    1836 -1.31e+04 -2.27e+04 -9.09e+03  9.87e+03  4.71e+03  2.84e+04  6.31e+03  1.79e+04
    1848 -3.27e+03 -2.37e+04 -6.86e+03  1.20e+04 -3.00e+03  3.18e+04  6.64e+02  2.47e+04
    1860  1.14e+03 -2.15e+04 -4.52e+03  1.41e+04 -6.05e+03  3.09e+04 -1.97e+03  1.89e+04
    1872 -3.01e+03 -1.83e+04 -5.19e+03  1.47e+04 -3.19e+03  2.59e+04 -4.95e+02  4.45e+03
    1884 -1.28e+04 -1.59e+04 -7.74e+03  1.33e+04  4.20e+03  1.79e+04  5.08e+03 -8.91e+03
    1896 -2.21e+04 -1.43e+04 -1.12e+04  9.75e+03  9.90e+03  1.27e+04  1.06e+04 -1.44e+04
    1908 -1.90e+04 -1.37e+04 -1.32e+04  8.20e+03  1.08e+04  1.17e+04  1.25e+04 -1.06e+04
    1920 -7.87e+02 -1.45e+04 -1.38e+04  8.60e+03  6.89e+03  1.41e+04  9.41e+03  5.52e+02
    1932  2.52e+04 -1.88e+04 -1.47e+04  1.20e+04  1.95e+03  1.86e+04  3.29e+03  1.30e+04
    1944  4.31e+04 -2.20e+04 -1.68e+04  1.34e+04 -3.26e+02  2.11e+04 -1.25e+03  1.82e+04
    1956  4.29e+04 -2.27e+04 -1.92e+04  1.31e+04  6.35e+02  2.16e+04 -1.44e+03  1.52e+04
    1968  1.96e+04 -1.83e+04 -2.11e+04  9.64e+03  2.18e+03  1.83e+04  1.35e+03  4.13e+03
    1980 -1.89e+04 -3.28e+03 -2.07e+04  6.56e+03  2.97e+03  1.61e+04  4.45e+03 -6.26e+03
    1992 -5.91e+04  1.63e+04 -1.62e+04  2.55e+03  2.09e+03  1.35e+04  4.14e+03 -1.05e+04
    2004 -8.15e+04  3.27e+04 -1.10e+04  6.33e+02  1.82e+03  1.29e+04  2.36e+03 -6.74e+03
    2016 -7.54e+04  3.44e+04 -8.71e+03 -2.66e+03  2.05e+03  1.20e+04  1.80e+02  8.17e+01
    2028 -4.78e+04  2.24e+04 -9.08e+03 -4.18e+03  3.37e+03  1.07e+04 -3.09e+02  5.98e+03
    2040  1.43e+03  3.36e+03 -1.21e+04 -4.15e+03  2.43e+03  8.13e+03  1.01e+03  7.29e+03
    2052  4.69e+04 -2.14e+04 -1.23e+04 -1.19e+02  9.00e+01  6.72e+03  3.14e+03  4.52e+03
    2064  7.43e+04 -4.50e+04 -3.40e+03  4.49e+03 -3.53e+03  6.47e+03  4.36e+03 -2.28e+02
    2076  8.05e+04 -6.20e+04  1.12e+04  6.74e+03 -5.84e+03  8.87e+03  3.85e+03 -3.61e+03
    2088  5.39e+04 -6.06e+04  2.40e+04  2.69e+03 -7.22e+03  8.69e+03  1.41e+03 -4.68e+03
    2100  1.78e+04 -4.67e+04  2.73e+04 -3.76e+03 -6.48e+03  7.97e+03 -9.50e+02 -2.71e+03
    2112 -2.53e+04 -2.27e+04  1.98e+04 -1.03e+04 -3.66e+03  4.85e+03 -2.45e+03 -9.53e+02
    2124 -6.11e+04  9.14e+03 -1.10e+03 -9.59e+03 -7.31e+02  4.00e+03 -2.05e+03  6.93e+02
    2136 -8.22e+04  3.98e+04 -2.52e+04 -2.66e+03  1.55e+03  3.60e+03 -1.09e+03  5.02e+02
    2148 -8.80e+04  6.23e+04 -4.61e+04  1.02e+04  8.04e+02  3.90e+03 -3.66e+02 -6.48e+01
    2160 -7.85e+04  6.06e+04 -5.26e+04  2.17e+04 -3.52e+03  9.63e+02  7.87e+01 -7.81e+02
    2172 -5.85e+04  4.19e+04 -4.89e+04  2.67e+04 -8.39e+03 -2.34e+03  5.90e+02 -9.86e+02
    2184 -3.00e+04  1.05e+04 -3.23e+04  2.11e+04 -1.25e+04 -5.20e+03  4.89e+02 -2.39e+03
    2196 -4.31e+03 -2.36e+04 -5.93e+03  8.10e+03 -9.72e+03 -5.14e+03  1.03e+03 -4.46e+03
    2208  1.20e+04 -5.41e+04  2.31e+04 -1.10e+04  5.17e+02 -4.41e+03  2.14e+02 -6.50e+03
    2220  7.93e+03 -6.97e+04  4.50e+04 -2.85e+04  1.39e+04 -2.99e+03 -7.31e+02 -5.82e+03
    2232 -9.02e+03 -6.63e+04  5.14e+04 -4.01e+04  2.06e+04 -4.24e+03 -2.63e+03 -3.18e+03
    2244 -3.99e+04 -4.71e+04  4.21e+04 -4.21e+04  1.81e+04 -4.91e+03 -4.35e+03  3.72e+02
    2256 -6.65e+04 -2.83e+04  2.13e+04 -3.22e+04  7.86e+03 -6.08e+03 -7.43e+03  1.55e+03
    2268 -9.51e+04 -2.00e+03 -2.40e+03 -1.50e+04 -7.48e+03 -3.81e+03 -9.93e+03 -1.69e+02
    2280 -9.51e+04  2.03e+04 -2.79e+04  7.35e+03 -2.31e+04  7.92e+02 -1.03e+04 -3.80e+03
    2292 -8.51e+04  3.59e+04 -4.51e+04  2.76e+04 -3.43e+04  6.85e+03 -9.04e+03 -7.18e+03
    2304 -4.65e+04  2.10e+04 -5.41e+04  3.91e+04 -3.56e+04  9.38e+03 -8.31e+03 -9.50e+03
    2316  2.73e+03 -8.22e+03 -4.87e+04  3.97e+04 -2.85e+04  8.67e+03 -7.41e+03 -1.02e+04
    2328  5.23e+04 -5.12e+04 -3.11e+04  2.59e+04 -1.36e+04  3.44e+03 -6.08e+03 -1.09e+04
    2340  8.65e+04 -9.25e+04 -4.35e+03  2.45e+03  6.01e+03 -6.01e+03 -3.22e+03 -1.05e+04
    2352  1.03e+05 -1.27e+05  2.48e+04 -2.63e+04  2.46e+04 -2.02e+04  1.60e+03 -8.47e+03
    2364  9.08e+04 -1.43e+05  4.51e+04 -5.27e+04  3.62e+04 -3.34e+04  9.20e+03 -5.42e+03
    2376  7.38e+04 -1.28e+05  5.09e+04 -6.15e+04  3.26e+04 -3.99e+04  1.73e+04 -4.10e+03
    2388  4.10e+04 -9.11e+04  4.20e+04 -5.66e+04  2.11e+04 -3.75e+04  2.12e+04 -4.80e+03
    2400  2.81e+04 -3.98e+04  1.37e+04 -3.67e+04  1.56e+03 -2.80e+04  1.64e+04 -6.99e+03
    2412  2.12e+04  1.42e+04 -2.72e+04 -7.08e+03 -1.65e+04 -1.24e+04  5.00e+03 -7.73e+03
    2424  4.00e+04  5.32e+04 -6.52e+04  2.18e+04 -2.95e+04  3.55e+03 -9.18e+03 -6.72e+03
    2436  6.55e+04  6.10e+04 -9.59e+04  4.13e+04 -3.59e+04  1.48e+04 -2.42e+04 -2.07e+03
    2448  8.94e+04  5.34e+04 -1.04e+05  4.34e+04 -3.13e+04  1.68e+04 -3.67e+04  4.36e+03
    2460  1.05e+05  1.55e+04 -8.91e+04  3.20e+04 -2.28e+04  1.11e+04 -4.33e+04  9.08e+03
    2472  9.93e+04 -5.12e+03 -6.35e+04  8.67e+03 -1.18e+04 -4.24e+03 -3.92e+04  8.09e+03
    2484  8.49e+04 -2.94e+04 -3.16e+04 -1.89e+04  1.69e+03 -2.02e+04 -2.66e+04  1.54e+03
    2496  5.75e+04 -1.25e+04 -3.18e+03 -4.28e+04  1.33e+04 -3.51e+04 -1.05e+04 -8.38e+03
    2508  3.24e+04  1.74e+04  1.06e+04 -6.05e+04  2.13e+04 -4.49e+04  6.57e+03 -1.92e+04
    2520  8.89e+03  7.01e+04  7.13e+03 -6.36e+04  2.25e+04 -4.45e+04  2.17e+04 -2.83e+04
    2532 -3.39e+03  1.14e+05 -8.60e+03 -5.29e+04  1.82e+04 -3.79e+04  3.11e+04 -3.27e+04
    2544 -2.83e+03  1.44e+05 -3.19e+04 -3.83e+04  6.98e+03 -2.72e+04  2.84e+04 -3.00e+04
    2556  1.04e+04  1.47e+05 -5.88e+04 -1.90e+04 -5.20e+03 -1.40e+04  1.85e+04 -2.12e+04
    2568  1.55e+04  1.27e+05 -5.88e+04 -5.17e+03 -2.02e+04 -2.59e+03  2.29e+03 -1.05e+04
    2580  2.44e+04  9.14e+04 -5.21e+04 -1.26e+03 -3.09e+04  4.86e+03 -1.63e+04  9.55e+02
    2592  1.25e+04  6.08e+04 -1.81e+04 -7.48e+03 -3.26e+04  5.20e+03 -3.47e+04  9.77e+03
    2604 -4.50e+03  4.10e+04  1.68e+04 -2.22e+04 -2.59e+04  7.76e+02 -4.77e+04  1.38e+04
    2616 -2.80e+04  3.79e+04  4.96e+04 -4.47e+04 -1.42e+04 -9.81e+03 -4.62e+04  1.11e+04
    2628 -4.76e+04  4.91e+04  7.04e+04 -6.82e+04  1.15e+03 -2.21e+04 -3.51e+04  3.31e+03
    2640 -6.36e+04  6.17e+04  8.51e+04 -7.97e+04  1.32e+04 -3.52e+04 -1.92e+04 -7.37e+03
    2652 -6.35e+04  8.16e+04  8.11e+04 -8.43e+04  2.19e+04 -4.39e+04  1.61e+03 -1.85e+04
    2664 -5.70e+04  8.03e+04  7.61e+04 -7.28e+04  1.51e+04 -4.39e+04  1.95e+04 -2.91e+04
    2676 -4.62e+04  7.45e+04  6.06e+04 -5.42e+04  3.30e+03 -3.82e+04  3.41e+04 -3.68e+04
    2688 -3.92e+04  4.17e+04  5.83e+04 -3.03e+04 -1.93e+04 -2.97e+04  3.44e+04 -3.61e+04
    2700 -3.56e+04  1.23e+04  5.78e+04 -8.11e+03 -4.31e+04 -1.72e+04  2.49e+04 -2.86e+04
    2712 -3.69e+04 -2.43e+04  7.06e+04  5.56e+03 -6.59e+04 -3.11e+03  3.79e+03 -1.75e+04
    2724 -4.07e+04 -4.15e+04  8.41e+04  8.89e+03 -7.75e+04  6.06e+03 -2.14e+04 -3.33e+03
    2736 -4.16e+04 -5.27e+04  9.22e+04  6.71e+03 -7.72e+04  5.53e+03 -4.40e+04  8.45e+03
    2748 -3.97e+04 -4.28e+04  9.41e+04  5.81e+02 -6.57e+04 -3.77e+03 -5.68e+04  1.66e+04
    2760 -2.87e+04 -3.50e+04  8.26e+04 -2.91e+03 -5.11e+04 -1.96e+04 -5.16e+04  1.54e+04
    2772 -1.89e+04 -2.01e+04  6.89e+04  1.36e+03 -3.56e+04 -3.64e+04 -3.49e+04  9.61e+03
    2784 -2.59e+03 -1.87e+04  4.50e+04  1.23e+04 -2.54e+04 -4.98e+04 -1.33e+04 -4.13e+03
    2796  6.87e+03 -2.42e+04  2.75e+04  2.53e+04 -2.36e+04 -5.69e+04  1.28e+04 -1.81e+04
    2808  1.46e+04 -4.47e+04  8.58e+03  4.30e+04 -2.40e+04 -6.00e+04  3.11e+04 -3.03e+04
    2820  1.67e+04 -6.46e+04  2.78e+03  5.39e+04 -3.15e+04 -5.52e+04  4.18e+04 -3.76e+04
    2832  9.86e+03 -7.96e+04  3.76e+03  5.86e+04 -2.83e+04 -5.05e+04  3.46e+04 -3.46e+04
    2844  5.33e+03 -8.18e+04  7.92e+03  5.36e+04 -2.74e+04 -4.04e+04  1.81e+04 -2.41e+04
    2856  1.52e+02 -6.85e+04  5.43e+03  4.25e+04 -1.01e+04 -3.78e+04 -5.21e+03 -1.04e+04
    2868  4.05e+02 -4.65e+04  1.69e+02  2.98e+04  7.38e+03 -3.76e+04 -2.61e+04  4.08e+03
    2880  1.15e+03 -2.40e+04 -1.15e+04  1.88e+04  2.75e+04 -4.41e+04 -4.09e+04  1.33e+04
    2892 -2.20e+03 -1.10e+04 -2.23e+04  1.31e+04  4.12e+04 -5.34e+04 -4.42e+04  1.64e+04
    2904 -1.03e+04 -5.45e+03 -3.97e+04  1.07e+04  5.58e+04 -5.93e+04 -3.89e+04  1.08e+04
    2916 -2.67e+04 -9.87e+03 -4.50e+04  1.54e+04  5.64e+04 -6.42e+04 -2.34e+04  1.31e+03
    2928 -4.74e+04 -1.62e+04 -4.76e+04  1.49e+04  5.74e+04 -6.02e+04 -1.24e+04 -1.04e+04
    2940 -7.04e+04 -1.37e+04 -4.17e+04  1.58e+04  5.04e+04 -5.28e+04 -4.59e+03 -2.02e+04
    2952 -9.67e+04 -5.46e+03 -3.57e+04  4.95e+03  5.08e+04 -3.70e+04 -5.80e+03 -2.64e+04
    2964 -1.10e+05  1.02e+04 -3.22e+04 -4.88e+03  4.98e+04 -2.34e+04 -1.47e+04 -2.69e+04
    2976 -1.14e+05  2.37e+04 -3.27e+04 -1.60e+04  5.46e+04 -9.20e+03 -3.22e+04 -2.23e+04
    2988 -1.09e+05  3.04e+04 -3.84e+04 -2.31e+04  5.85e+04 -6.16e+03 -4.89e+04 -1.47e+04
    3000 -9.92e+04  2.08e+04 -4.22e+04 -3.40e+04  6.20e+04 -3.47e+03 -6.14e+04 -8.32e+03
    3012 -8.81e+04  1.54e+03 -4.20e+04 -3.58e+04  6.44e+04 -7.01e+03 -6.90e+04 -3.26e+03
    3024 -7.32e+04 -2.29e+04 -3.34e+04 -4.06e+04  5.89e+04 -8.12e+03 -6.65e+04 -2.28e+03
    3036 -6.10e+04 -4.14e+04 -2.19e+04 -4.03e+04  5.16e+04 -7.08e+03 -5.73e+04 -4.33e+03
    3048 -4.48e+04 -6.40e+04 -1.52e+03 -4.52e+04  3.62e+04 -5.14e+02 -4.32e+04 -1.15e+04
    3060 -2.88e+04 -7.07e+04  1.25e+04 -4.66e+04  2.66e+04  7.61e+03 -3.02e+04 -1.91e+04
    3072 -1.23e+04 -8.16e+04  2.10e+04 -5.14e+04  1.38e+04  1.93e+04 -2.00e+04 -2.69e+04
    3084  4.25e+03 -8.46e+04  1.79e+04 -5.39e+04  1.02e+04  2.62e+04 -1.77e+04 -3.18e+04
    3096  1.94e+04 -9.52e+04  9.27e+03 -5.72e+04  2.51e+03  2.81e+04 -1.47e+04 -3.38e+04
    3108  2.62e+04 -1.05e+05  9.95e+02 -5.73e+04 -6.07e+02  2.47e+04 -2.09e+04 -3.06e+04
    3120  3.22e+04 -1.18e+05 -5.04e+03 -5.38e+04 -4.60e+03  1.67e+04 -1.76e+04 -2.68e+04
    3132  2.53e+04 -1.29e+05 -7.24e+03 -4.78e+04 -1.14e+04  9.01e+03 -1.88e+04 -2.24e+04
    3144  1.78e+04 -1.31e+05 -5.71e+03 -3.90e+04 -2.10e+04  4.50e+02 -3.73e+03 -2.22e+04
    3156  4.89e+03 -1.24e+05 -4.90e+03 -3.27e+04 -2.73e+04 -4.01e+03  1.19e+04 -2.48e+04
    3168 -7.69e+03 -9.91e+04 -7.72e+03 -2.68e+04 -3.80e+04 -7.88e+03  3.11e+04 -2.86e+04
    3180 -1.90e+04 -6.88e+04 -2.13e+04 -2.52e+04 -4.05e+04 -5.53e+03  4.48e+04 -3.37e+04
    3192 -1.72e+04 -2.97e+04 -4.15e+04 -2.29e+04 -4.45e+04 -1.06e+04  6.06e+04 -3.42e+04
    3204 -1.93e+04  2.30e+03 -6.32e+04 -2.16e+04 -4.21e+04 -1.17e+04  6.48e+04 -3.38e+04
    3216 -9.45e+03  2.19e+04 -9.10e+04 -1.88e+04 -3.99e+04 -1.98e+04  6.74e+04 -2.65e+04
    3228 -5.55e+03  3.04e+04 -1.08e+05 -1.48e+04 -3.75e+04 -2.31e+04  5.97e+04 -1.89e+04
    3240  2.66e+03  3.23e+04 -1.20e+05 -1.25e+04 -3.72e+04 -3.21e+04  5.58e+04 -7.00e+03
    3252  8.45e+03  2.41e+04 -1.19e+05 -9.66e+03 -3.94e+04 -3.56e+04  5.09e+04  2.35e+03
    3264  1.84e+04  1.91e+04 -1.11e+05 -1.24e+04 -3.99e+04 -4.15e+04  5.27e+04  9.21e+03
    3276  3.35e+04  1.26e+04 -1.00e+05 -1.42e+04 -3.84e+04 -4.10e+04  5.43e+04  1.04e+04
    3288  5.24e+04  5.34e+03 -8.60e+04 -2.47e+04 -3.11e+04 -4.25e+04  5.57e+04  1.22e+04
    3300  6.74e+04  1.21e+03 -7.27e+04 -3.29e+04 -2.19e+04 -4.25e+04  5.74e+04  7.80e+03
    3312  8.79e+04 -5.36e+03 -5.62e+04 -4.86e+04 -1.04e+04 -4.61e+04  5.36e+04  1.03e+04
    3324  1.01e+05 -1.09e+04 -4.04e+04 -5.81e+04 -8.88e+02 -4.76e+04  5.07e+04  1.11e+04
    3336  1.12e+05 -2.01e+04 -2.45e+04 -7.01e+04  4.59e+03 -4.96e+04  3.83e+04  1.74e+04
    3348  1.13e+05 -2.88e+04 -8.27e+03 -7.50e+04  7.42e+03 -4.91e+04  3.09e+04  2.22e+04
    3360  1.07e+05 -2.66e+04  8.13e+03 -8.29e+04  1.96e+03 -4.79e+04  1.81e+04  2.74e+04
    3372  9.97e+04 -2.23e+04  1.52e+04 -8.76e+04 -3.18e+03 -4.53e+04  1.42e+04  2.92e+04
    3384  8.68e+04 -1.54e+03  2.17e+04 -9.15e+04 -1.16e+04 -4.08e+04  4.35e+03  2.77e+04
    3396  7.88e+04  2.06e+04  1.41e+04 -9.10e+04 -1.36e+04 -3.70e+04  3.00e+03  2.39e+04
    3408  5.80e+04  4.47e+04  8.54e+03 -8.88e+04 -2.02e+04 -3.34e+04 -9.82e+03  1.71e+04
    3420  4.40e+04  6.08e+04 -9.17e+02 -8.53e+04 -2.55e+04 -3.19e+04 -1.54e+04  1.23e+04
    3432  1.52e+04  8.23e+04 -9.45e+03 -7.67e+04 -3.18e+04 -2.96e+04 -2.56e+04  7.18e+03
    3444 -8.08e+03  9.26e+04 -1.73e+04 -6.45e+04 -4.13e+04 -2.75e+04 -3.10e+04  6.10e+03
    3456 -2.98e+04  1.08e+05 -1.31e+04 -4.67e+04 -5.45e+04 -2.50e+04 -4.13e+04  3.49e+03
    3468 -4.84e+04  1.16e+05 -1.43e+04 -3.43e+04 -6.78e+04 -2.35e+04 -4.32e+04  1.20e+03
    3480 -7.06e+04  1.24e+05 -6.59e+03 -2.27e+04 -8.66e+04 -2.31e+04 -4.61e+04 -1.91e+03
    3492 -8.02e+04  1.27e+05 -4.99e+03 -1.90e+04 -9.69e+04 -2.16e+04 -4.37e+04 -4.23e+03
    3504 -9.72e+04  1.24e+05  4.81e+03 -1.36e+04 -1.03e+05 -2.24e+04 -4.26e+04 -1.17e+04
    3516 -9.96e+04  1.20e+05  1.03e+04 -1.45e+04 -1.03e+05 -2.19e+04 -4.04e+04 -1.50e+04
    3528 -1.06e+05  1.02e+05  1.98e+04 -1.25e+04 -9.84e+04 -2.68e+04 -3.92e+04 -2.20e+04
    3540 -1.03e+05  8.79e+04  3.04e+04 -1.50e+04 -9.16e+04 -2.95e+04 -3.89e+04 -2.41e+04
    3552 -9.99e+04  5.44e+04  4.53e+04 -1.25e+04 -7.96e+04 -3.75e+04 -3.64e+04 -2.83e+04
    3564 -9.34e+04  3.65e+04  5.93e+04 -1.60e+04 -6.74e+04 -4.27e+04 -3.29e+04 -2.87e+04
    3576 -8.40e+04 -5.87e+03  8.03e+04 -1.46e+04 -5.22e+04 -5.23e+04 -2.58e+04 -3.07e+04
    3588 -7.77e+04 -3.33e+04  9.17e+04 -1.99e+04 -3.83e+04 -5.81e+04 -1.92e+04 -3.06e+04
    3600 -6.17e+04 -5.45e+04  1.03e+05 -1.89e+04 -2.47e+04 -6.65e+04 -1.18e+04 -3.22e+04
    3612 -5.10e+04 -6.53e+04  1.06e+05 -2.26e+04 -1.66e+04 -7.10e+04 -6.87e+03 -3.31e+04
    3624 -2.85e+04 -8.94e+04  1.05e+05 -2.13e+04 -1.66e+03 -7.51e+04 -1.21e+03 -3.38e+04
    3636 -1.10e+04 -9.69e+04  1.01e+05 -2.12e+04  1.07e+03 -7.54e+04  1.04e+03 -3.34e+04
    3648  3.08e+03 -1.15e+05  9.05e+04 -1.34e+04  3.54e+03 -7.41e+04 -2.54e+03 -3.08e+04
    3660  1.84e+04 -1.18e+05  8.37e+04 -8.26e+03  2.76e+02 -7.13e+04 -6.41e+03 -2.75e+04
    3672  3.16e+04 -1.24e+05  6.65e+04  4.97e+03 -5.63e+03 -6.63e+04 -1.62e+04 -2.22e+04
    3684  3.77e+04 -1.19e+05  5.51e+04  1.48e+04 -1.57e+04 -6.07e+04 -2.12e+04 -1.77e+04
    3696  5.30e+04 -1.11e+05  3.00e+04  2.35e+04 -1.94e+04 -5.19e+04 -3.31e+04 -1.21e+04
    3708  5.57e+04 -1.02e+05  2.07e+04  3.17e+04 -2.78e+04 -4.42e+04 -4.09e+04 -8.80e+03
    3720  6.78e+04 -8.67e+04 -1.05e+04  3.81e+04 -2.50e+04 -3.45e+04 -5.56e+04 -6.11e+03
    3732  7.01e+04 -7.64e+04 -3.10e+04  4.23e+04 -2.70e+04 -2.80e+04 -6.45e+04 -4.99e+03
    3744  7.77e+04 -5.61e+04 -5.13e+04  4.77e+04 -2.22e+04 -2.05e+04 -7.73e+04 -5.70e+03
    3756  7.69e+04 -4.61e+04 -6.31e+04  5.13e+04 -2.07e+04 -1.80e+04 -8.48e+04 -5.71e+03
    3768  7.84e+04 -2.45e+04 -8.28e+04  5.25e+04 -1.12e+04 -1.52e+04 -9.42e+04 -6.50e+03
    3780  7.53e+04 -8.13e+03 -8.65e+04  5.16e+04 -3.41e+03 -1.72e+04 -9.74e+04 -6.67e+03
    3792  7.31e+04  6.56e+03 -9.51e+04  4.44e+04  7.68e+03 -1.79e+04 -9.67e+04 -9.19e+03
    3804  6.92e+04  2.48e+04 -9.30e+04  3.84e+04  2.03e+04 -2.15e+04 -9.03e+04 -1.02e+04
    3816  6.31e+04  3.89e+04 -9.39e+04  2.42e+04  3.55e+04 -2.23e+04 -8.03e+04 -1.56e+04
    3828  5.82e+04  4.46e+04 -9.03e+04  1.66e+04  4.78e+04 -2.52e+04 -7.05e+04 -1.97e+04
    3840  5.11e+04  6.21e+04 -8.47e+04 -3.39e+03  6.55e+04 -2.47e+04 -5.82e+04 -2.75e+04
    3852  4.88e+04  6.60e+04 -7.91e+04 -1.70e+04  7.38e+04 -2.64e+04 -4.83e+04 -3.19e+04
    3864  4.23e+04  7.98e+04 -6.66e+04 -2.87e+04  8.36e+04 -2.46e+04 -3.64e+04 -3.90e+04
    3876  4.04e+04  8.16e+04 -5.82e+04 -3.49e+04  8.72e+04 -2.51e+04 -2.93e+04 -4.34e+04
    3888  3.25e+04  9.03e+04 -3.98e+04 -4.96e+04  8.91e+04 -2.08e+04 -2.00e+04 -4.83e+04
    3900  3.00e+04  9.06e+04 -3.01e+04 -5.49e+04  8.75e+04 -1.85e+04 -1.60e+04 -4.94e+04
    3912  2.09e+04  9.59e+04 -8.64e+03 -6.70e+04  7.96e+04 -1.03e+04 -1.01e+04 -4.85e+04
    3924  1.73e+04  9.34e+04  8.25e+03 -6.99e+04  7.31e+04 -6.37e+03 -1.23e+04 -4.65e+04
    3936  7.82e+03  9.06e+04  2.06e+04 -7.54e+04  5.77e+04  5.70e+03 -1.22e+04 -4.38e+04
    3948  5.91e+03  8.48e+04  2.55e+04 -7.40e+04  4.78e+04  1.46e+04 -1.92e+04 -4.10e+04
    3960 -1.00e+03  8.01e+04  4.07e+04 -7.48e+04  2.57e+04  2.23e+04 -1.89e+04 -3.57e+04
    3972 -5.95e+03  7.91e+04  4.38e+04 -7.33e+04  1.66e+04  2.77e+04 -2.57e+04 -3.01e+04
    3984 -9.69e+03  7.48e+04  5.76e+04 -6.89e+04 -1.31e+04  3.47e+04 -2.35e+04 -2.19e+04
    3996 -1.26e+04  7.33e+04  6.11e+04 -6.31e+04 -3.24e+04  3.79e+04 -2.67e+04 -1.56e+04
    4008 -1.97e+04  6.49e+04  7.27e+04 -5.31e+04 -5.01e+04  4.08e+04 -2.24e+04 -8.84e+03
    4020 -2.24e+04  6.15e+04  7.56e+04 -4.83e+04 -5.94e+04  4.19e+04 -2.19e+04 -6.61e+03
    4032 -2.80e+04  4.94e+04  8.16e+04 -3.85e+04 -7.59e+04  3.98e+04 -1.22e+04 -3.91e+03
    4044 -2.95e+04  4.26e+04  7.96e+04 -3.39e+04 -7.82e+04  3.71e+04 -7.88e+03 -5.05e+03
    4056 -3.14e+04  2.68e+04  7.85e+04 -2.05e+04 -8.55e+04  2.87e+04  8.22e+03 -4.78e+03
    4068 -2.99e+04  2.05e+04  7.47e+04 -1.51e+04 -8.39e+04  2.25e+04  2.00e+04 -8.00e+03
    4080 -2.81e+04  8.18e+03  7.09e+04 -2.01e+03 -8.55e+04  9.49e+03  3.36e+04 -7.89e+03
    4092 -2.62e+04  1.92e+03  6.71e+04  7.31e+03 -8.29e+04 -2.30e+03  4.37e+04 -1.10e+04
    4104 -2.46e+04 -6.44e+03  6.09e+04  1.52e+04 -7.87e+04 -1.30e+04  6.04e+04 -9.38e+03
    4116 -2.41e+04 -1.16e+04  5.76e+04  1.89e+04 -7.38e+04 -2.40e+04  6.86e+04 -1.10e+04
    4128 -2.12e+04 -1.99e+04  5.12e+04  2.85e+04 -6.24e+04 -3.41e+04  8.00e+04 -8.37e+03
    4140 -1.88e+04 -2.22e+04  4.90e+04  3.04e+04 -5.43e+04 -3.95e+04  8.50e+04 -8.73e+03
    4152 -1.36e+04 -3.06e+04  3.98e+04  3.89e+04 -3.82e+04 -5.05e+04  9.03e+04 -5.16e+03
    4164 -1.05e+04 -3.29e+04  3.52e+04  4.14e+04 -3.03e+04 -5.34e+04  9.09e+04 -2.21e+03
    4176 -4.21e+03 -3.89e+04  2.45e+04  4.71e+04 -1.27e+04 -6.11e+04  8.57e+04  2.79e+03
    4188  2.00e+03 -3.93e+04  2.15e+04  4.60e+04 -6.13e+02 -6.29e+04  7.96e+04  8.17e+03
    4200  4.62e+03 -4.03e+04  1.19e+04  4.67e+04  1.14e+04 -6.62e+04  6.52e+04  1.48e+04
    4212  5.16e+03 -3.78e+04  8.34e+03  4.53e+04  2.10e+04 -6.46e+04  5.59e+04  2.01e+04
    4224  7.23e+03 -3.63e+04 -7.82e+02  4.53e+04  2.89e+04 -6.20e+04  3.65e+04  2.81e+04
    4236  6.22e+03 -3.38e+04 -6.29e+03  4.44e+04  3.25e+04 -5.86e+04  2.06e+04  3.21e+04
    4248  8.86e+03 -3.12e+04 -9.43e+03  4.17e+04  4.55e+04 -5.23e+04  2.67e+03  3.65e+04
    4260  9.99e+03 -2.91e+04 -1.19e+04  4.00e+04  4.81e+04 -4.73e+04 -1.62e+04  3.82e+04
    4272  1.38e+04 -2.58e+04 -1.93e+04  3.59e+04  5.70e+04 -3.70e+04 -3.31e+04  3.90e+04
    4284  1.56e+04 -2.46e+04 -2.10e+04  3.40e+04  5.80e+04 -3.16e+04 -4.30e+04  3.86e+04
    4296  1.77e+04 -2.06e+04 -2.43e+04  2.70e+04  6.39e+04 -2.07e+04 -6.23e+04  3.52e+04
    4308  1.76e+04 -1.92e+04 -2.35e+04  2.37e+04  6.36e+04 -1.63e+04 -6.79e+04  3.28e+04
    4320  1.71e+04 -1.42e+04 -2.49e+04  1.56e+04  6.43e+04 -5.29e+03 -7.98e+04  2.58e+04
    4332  1.65e+04 -1.27e+04 -2.39e+04  1.24e+04  6.17e+04  2.55e+03 -8.08e+04  2.16e+04
    4344  1.49e+04 -7.32e+03 -2.34e+04  4.30e+03  6.08e+04  9.37e+03 -8.56e+04  1.11e+04
    4356  1.40e+04 -5.29e+03 -2.22e+04 -2.27e+03  5.96e+04  1.32e+04 -8.36e+04  6.61e+03
    4368  1.13e+04  3.89e+02 -2.12e+04 -6.93e+03  5.66e+04  2.23e+04 -8.15e+04 -8.05e+03
    4380  1.05e+04  5.51e+03 -2.09e+04 -9.20e+03  5.33e+04  2.41e+04 -7.61e+04 -1.77e+04
    4392  6.89e+03  7.08e+03 -1.92e+04 -1.59e+04  4.66e+04  3.04e+04 -6.74e+04 -2.68e+04
    4404  5.66e+03  8.64e+03 -1.83e+04 -1.74e+04  4.35e+04  3.16e+04 -6.14e+04 -3.15e+04
    4416 -1.12e+01  1.34e+04 -1.44e+04 -2.27e+04  3.72e+04  3.57e+04 -4.96e+04 -4.02e+04
    4428 -4.51e+03  1.45e+04 -1.19e+04 -2.37e+04  3.54e+04  3.50e+04 -4.37e+04 -4.16e+04
    4440 -9.26e+03  1.78e+04 -6.96e+03 -2.77e+04  2.76e+04  3.55e+04 -2.80e+04 -4.61e+04
    4452 -1.18e+04  1.85e+04 -4.91e+03 -2.90e+04  2.47e+04  3.38e+04 -2.05e+04 -4.59e+04
    4464 -1.91e+04  2.11e+04 -2.08e+02 -3.16e+04  1.65e+04  3.28e+04 -3.84e+03 -4.78e+04
    4476 -2.09e+04  2.24e+04  3.69e+03 -3.14e+04  1.38e+04  3.09e+04  7.77e+03 -4.72e+04
    4488 -2.83e+04  2.35e+04  4.50e+03 -3.08e+04  5.27e+03  2.79e+04  1.71e+04 -4.60e+04
    4500 -3.06e+04  2.42e+04  5.09e+03 -2.90e+04 -6.13e+02  2.61e+04  2.22e+04 -4.38e+04
    4512 -3.87e+04  2.30e+04  7.69e+03 -2.69e+04 -6.64e+03  2.31e+04  3.71e+04 -3.86e+04
    4524 -4.11e+04  2.30e+04  8.13e+03 -2.50e+04 -9.38e+03  2.21e+04  4.08e+04 -3.45e+04
    4536 -4.79e+04  1.88e+04  1.08e+04 -2.17e+04 -1.52e+04  1.78e+04  5.13e+04 -2.65e+04
    4548 -4.94e+04  1.64e+04  1.20e+04 -1.94e+04 -1.58e+04  1.57e+04  5.19e+04 -2.23e+04
    4560 -5.50e+04  8.45e+03  1.37e+04 -1.55e+04 -1.97e+04  1.05e+04  6.00e+04 -1.32e+04
    4572 -5.63e+04  5.19e+03  1.37e+04 -1.39e+04 -2.01e+04  8.69e+03  6.12e+04 -9.14e+03
    4584 -6.03e+04 -5.27e+03  1.34e+04 -1.04e+04 -2.26e+04  4.03e+03  6.67e+04 -6.74e+02
    4596 -6.04e+04 -1.01e+04  1.30e+04 -9.75e+03 -2.22e+04  2.71e+03  6.64e+04  4.63e+03
    4608 -6.19e+04 -1.99e+04  1.19e+04 -6.35e+03 -2.32e+04 -1.88e+03  6.81e+04  8.41e+03
    4620 -6.11e+04 -2.25e+04  1.13e+04 -5.20e+03 -2.26e+04 -3.35e+03  6.71e+04  1.05e+04
    4632 -6.08e+04 -3.36e+04  8.32e+03 -1.48e+03 -2.22e+04 -6.93e+03  6.65e+04  1.78e+04
    4644 -5.98e+04 -3.78e+04  6.74e+03  1.94e+03 -2.12e+04 -7.67e+03  6.47e+04  1.96e+04
    4656 -5.78e+04 -5.04e+04  3.08e+03  3.24e+03 -1.95e+04 -1.11e+04  6.03e+04  2.49e+04
    4668 -5.61e+04 -5.38e+04  2.32e+03  4.21e+03 -1.87e+04 -1.20e+04  5.69e+04  2.57e+04
    4680 -5.22e+04 -6.38e+04 -2.00e+03  6.42e+03 -1.64e+04 -1.49e+04  5.03e+04  2.92e+04
    4692 -4.94e+04 -6.61e+04 -3.18e+03  6.50e+03 -1.51e+04 -1.54e+04  4.70e+04  2.91e+04
    4704 -4.40e+04 -7.53e+04 -8.96e+03  7.21e+03 -1.14e+04 -1.66e+04  4.01e+04  2.97e+04
    4716 -4.12e+04 -7.80e+04 -1.03e+04  6.72e+03 -9.77e+03 -1.60e+04  3.76e+04  2.83e+04
    4728 -3.46e+04 -8.46e+04 -1.67e+04  6.95e+03 -6.25e+03 -1.67e+04  2.95e+04  2.81e+04
    4740 -3.16e+04 -8.48e+04 -1.84e+04  7.15e+03 -5.38e+03 -1.69e+04  2.58e+04  2.75e+04
    4752 -2.61e+04 -8.73e+04 -2.58e+04  7.15e+03 -1.88e+03 -1.72e+04  1.68e+04  2.62e+04
    4764 -2.57e+04 -8.58e+04 -2.80e+04  7.47e+03  1.87e+03 -1.69e+04  1.41e+04  2.46e+04
    4776 -2.10e+04 -8.54e+04 -3.61e+04  6.41e+03  3.18e+03 -1.56e+04  6.39e+03  2.14e+04
    4788 -1.90e+04 -8.35e+04 -3.90e+04  6.31e+03  4.38e+03 -1.47e+04  2.49e+03  2.01e+04
    4800 -1.21e+04 -8.13e+04 -4.66e+04  3.67e+03  7.68e+03 -1.30e+04 -3.08e+03  1.71e+04
    4812 -9.82e+03 -7.89e+04 -4.78e+04  2.48e+03  8.82e+03 -1.21e+04 -5.38e+03  1.60e+04
    4824 -4.54e+03 -7.41e+04 -5.38e+04 -1.89e+03  1.16e+04 -9.45e+03 -1.10e+04  1.16e+04
    4836 -2.97e+03 -7.07e+04 -5.54e+04 -3.63e+03  1.23e+04 -8.07e+03 -1.25e+04  9.87e+03
    4848  2.01e+03 -6.37e+04 -6.14e+04 -8.48e+03  1.36e+04 -5.16e+03 -1.73e+04  5.48e+03
    4860  3.57e+03 -6.09e+04 -6.25e+04 -9.97e+03  1.39e+04 -4.16e+03 -1.78e+04  4.25e+03
    4872  5.99e+03 -5.37e+04 -6.57e+04 -1.55e+04  1.43e+04 -1.59e+03 -1.99e+04 -1.47e+02
    4884  6.32e+03 -5.13e+04 -6.57e+04 -1.74e+04  1.43e+04 -1.05e+03 -1.93e+04 -3.53e+03
    4896  7.78e+03 -4.36e+04 -6.80e+04 -2.33e+04  1.32e+04  1.97e+03 -1.99e+04 -6.09e+03
    4908  7.81e+03 -4.10e+04 -6.80e+04 -2.48e+04  1.25e+04  3.41e+03 -1.93e+04 -7.47e+03
    4920  7.88e+03 -3.13e+04 -6.78e+04 -3.06e+04  9.70e+03  5.59e+03 -1.91e+04 -1.12e+04
    4932  7.36e+03 -2.70e+04 -6.60e+04 -3.21e+04  8.22e+03  6.29e+03 -1.86e+04 -1.20e+04
    4944  5.84e+03 -1.78e+04 -6.33e+04 -3.76e+04  4.29e+03  7.93e+03 -1.73e+04 -1.51e+04
    4956  3.44e+03 -1.58e+04 -6.14e+04 -3.87e+04  3.20e+03  8.18e+03 -1.64e+04 -1.59e+04
    4968  1.43e+03 -8.41e+03 -5.79e+04 -4.34e+04 -2.05e+03  8.63e+03 -1.36e+04 -1.80e+04
    4980 -2.07e+03 -5.74e+03 -5.60e+04 -4.48e+04 -4.06e+03  8.11e+03 -1.23e+04 -1.81e+04
    4992 -3.90e+03  3.00e+03 -5.08e+04 -4.87e+04 -1.02e+04  7.85e+03 -8.76e+03 -1.89e+04
    5004 -6.53e+03  5.54e+03 -4.83e+04 -4.93e+04 -1.12e+04  7.79e+03 -7.48e+03 -1.88e+04
    5016 -8.94e+03  9.90e+03 -4.18e+04 -5.15e+04 -1.72e+04  7.29e+03 -3.35e+03 -1.91e+04
    5028 -1.02e+04  1.03e+04 -3.89e+04 -5.17e+04 -1.96e+04  6.86e+03 -1.99e+03 -1.88e+04
    5040 -1.19e+04  1.29e+04 -3.21e+04 -5.27e+04 -2.79e+04  5.18e+03  2.83e+03 -1.79e+04
    5052 -1.24e+04  1.30e+04 -2.99e+04 -5.19e+04 -3.08e+04  4.63e+03  4.73e+03 -1.70e+04
    5064 -1.34e+04  1.30e+04 -2.33e+04 -5.06e+04 -3.80e+04  2.48e+03  8.44e+03 -1.50e+04
    5076 -1.35e+04  1.17e+04 -2.06e+04 -4.89e+04 -3.97e+04  1.72e+03  9.85e+03 -1.37e+04
    5088 -1.30e+04  9.52e+03 -1.36e+04 -4.68e+04 -4.60e+04 -1.47e+03  1.39e+04 -1.12e+04
    5100 -1.18e+04  7.45e+03 -1.12e+04 -4.56e+04 -4.73e+04 -2.50e+03  1.49e+04 -9.97e+03
    5112 -9.45e+03  3.72e+03 -5.88e+03 -4.20e+04 -5.22e+04 -5.88e+03  1.76e+04 -7.08e+03
    5124 -7.64e+03 -9.61e+02 -4.69e+03 -3.98e+04 -5.30e+04 -6.76e+03  1.80e+04 -5.74e+03
    5136 -4.88e+03 -3.35e+03 -6.47e+02 -3.54e+04 -5.74e+04 -1.06e+04  1.96e+04 -2.87e+03
    5148 -2.88e+03 -7.28e+03  1.32e+03 -3.43e+04 -5.83e+04 -1.15e+04  2.02e+04 -2.15e+03
    5160 -7.14e+02 -1.02e+04  3.23e+03 -2.98e+04 -6.06e+04 -1.57e+04  2.11e+04  1.63e+02
    5172  9.39e+02 -1.22e+04  3.58e+03 -2.76e+04 -5.99e+04 -1.69e+04  2.16e+04  2.09e+03
    5184  2.85e+03 -1.55e+04  4.61e+03 -2.15e+04 -5.98e+04 -2.09e+04  2.04e+04  3.03e+03
    5196  3.54e+03 -1.63e+04  4.11e+03 -1.93e+04 -5.93e+04 -2.18e+04  1.93e+04  3.71e+03
    5208  5.99e+03 -1.78e+04  3.63e+03 -1.41e+04 -5.85e+04 -2.59e+04  1.55e+04  5.42e+03
    5220  6.60e+03 -1.76e+04  1.43e+03 -1.23e+04 -5.71e+04 -2.73e+04  1.39e+04  6.02e+03
    5232  8.59e+03 -1.76e+04  7.31e+02 -7.08e+03 -5.32e+04 -3.12e+04  9.07e+03  7.09e+03
    5244  8.56e+03 -1.67e+04 -2.20e+03 -5.37e+03 -5.03e+04 -3.21e+04  7.34e+03  7.24e+03
    5256  9.89e+03 -1.50e+04 -3.23e+03 -1.29e+03 -4.50e+04 -3.43e+04  4.78e+02  7.09e+03
    5268  9.64e+03 -1.33e+04 -5.67e+03  1.12e+03 -4.27e+04 -3.46e+04 -4.55e+03  6.65e+03
    5280  1.08e+04 -1.04e+04 -6.87e+03  3.39e+03 -3.76e+04 -3.63e+04 -1.01e+04  5.73e+03
    5292  1.03e+04 -8.58e+03 -8.05e+03  4.15e+03 -3.62e+04 -3.67e+04 -1.23e+04  5.10e+03
    5304  1.13e+04 -5.15e+03 -9.76e+03  5.74e+03 -3.04e+04 -3.68e+04 -2.06e+04  3.37e+03
    5316  1.12e+04 -2.93e+03 -1.04e+04  5.63e+03 -2.78e+04 -3.59e+04 -2.36e+04  2.44e+03
    5328  1.28e+04 -8.74e+01 -1.11e+04  5.73e+03 -2.07e+04 -3.44e+04 -3.25e+04  1.94e+02
    5340  1.32e+04  1.91e+03 -1.13e+04  5.00e+03 -1.84e+04 -3.31e+04 -3.51e+04 -1.29e+03
    5352  1.52e+04  4.58e+03 -1.11e+04  3.89e+03 -1.22e+04 -3.09e+04 -4.33e+04 -2.85e+03
    5364  1.60e+04  5.24e+03 -1.04e+04  1.74e+03 -1.02e+04 -2.96e+04 -4.59e+04 -3.51e+03
    5376  1.80e+04  7.93e+03 -8.82e+03  8.20e+02 -4.32e+03 -2.63e+04 -5.29e+04 -6.57e+03
    5388  1.87e+04  7.91e+03 -7.57e+03 -1.76e+03 -2.74e+03 -2.45e+04 -5.36e+04 -7.28e+03
    5400  2.04e+04  1.03e+04 -5.22e+03 -3.12e+03  2.61e+03 -2.07e+04 -5.83e+04 -1.08e+04
    5412  2.11e+04  1.00e+04 -3.78e+03 -5.39e+03  4.12e+03 -1.92e+04 -5.89e+04 -1.20e+04
    5424  2.25e+04  1.21e+04 -1.09e+03 -6.84e+03  7.57e+03 -1.53e+04 -6.28e+04 -1.60e+04
    5436  2.29e+04  1.19e+04  3.32e+02 -7.92e+03  8.06e+03 -1.38e+04 -6.26e+04 -1.69e+04
    5448  2.31e+04  1.46e+04  2.32e+03 -9.86e+03  9.50e+03 -9.78e+03 -6.33e+04 -2.03e+04
    5460  2.31e+04  1.54e+04  3.00e+03 -1.04e+04  9.02e+03 -8.21e+03 -6.21e+04 -2.13e+04
    5472  2.27e+04  1.89e+04  5.49e+03 -1.12e+04  8.74e+03 -4.59e+03 -6.19e+04 -2.48e+04
    5484  2.25e+04  1.98e+04  5.99e+03 -1.10e+04  7.51e+03 -3.54e+03 -6.12e+04 -2.62e+04
    5496  2.03e+04  2.30e+04  8.33e+03 -1.10e+04  6.05e+03 -6.65e+02 -5.88e+04 -2.93e+04
    5508  1.86e+04  2.39e+04  8.82e+03 -1.07e+04  4.77e+03  9.12e+02 -5.64e+04 -3.00e+04
    5520  1.53e+04  2.72e+04  1.09e+04 -1.00e+04  2.85e+03  2.42e+03 -5.23e+04 -3.17e+04
    5532  1.39e+04  2.84e+04  1.11e+04 -9.42e+03  1.16e+03  2.73e+03 -5.04e+04 -3.15e+04
    5544  1.05e+04  3.12e+04  1.30e+04 -7.85e+03 -9.39e+02  3.52e+03 -4.58e+04 -3.19e+04
    5556  8.50e+03  3.24e+04  1.31e+04 -6.78e+03 -3.58e+03  3.20e+03 -4.37e+04 -3.14e+04
    5568  3.98e+03  3.48e+04  1.49e+04 -4.62e+03 -4.61e+03  3.16e+03 -3.76e+04 -3.11e+04
    5580  2.46e+03  3.59e+04  1.45e+04 -3.50e+03 -5.69e+03  2.70e+03 -3.53e+04 -3.03e+04
    5592 -1.70e+03  3.65e+04  1.60e+04 -1.01e+03 -7.06e+03  1.90e+03 -2.94e+04 -2.89e+04
    5604 -3.58e+03  3.59e+04  1.61e+04  6.65e+02 -7.29e+03  4.50e+02 -2.73e+04 -2.77e+04
    5616 -6.14e+03  3.39e+04  1.84e+04  2.36e+03 -7.20e+03 -1.31e+02 -2.09e+04 -2.55e+04
    5628 -6.71e+03  3.24e+04  1.91e+04  2.72e+03 -6.51e+03 -1.83e+03 -1.87e+04 -2.44e+04
    5640 -8.78e+03  2.92e+04  2.16e+04  4.42e+03 -5.44e+03 -2.59e+03 -1.24e+04 -2.18e+04
    5652 -8.99e+03  2.72e+04  2.26e+04  4.51e+03 -4.55e+03 -3.44e+03 -1.01e+04 -2.07e+04
    5664 -1.05e+04  2.22e+04  2.50e+04  6.31e+03 -2.99e+03 -5.26e+03 -4.43e+03 -1.78e+04
    5676 -1.03e+04  1.95e+04  2.59e+04  6.47e+03 -1.61e+03 -6.16e+03 -2.01e+03 -1.67e+04
    5688 -1.07e+04  1.38e+04  2.75e+04  8.18e+03  1.29e+02 -7.60e+03  1.50e+03 -1.33e+04
    5700 -1.01e+04  1.14e+04  2.78e+04  8.43e+03  1.56e+03 -8.07e+03  3.03e+03 -1.18e+04
    5712 -1.02e+04  5.71e+03  2.87e+04  1.03e+04  3.45e+03 -8.95e+03  6.03e+03 -8.80e+03
    5724 -9.69e+03  4.00e+03  2.90e+04  1.07e+04  4.32e+03 -9.20e+03  6.44e+03 -8.36e+03
    5736 -9.36e+03 -2.04e+03  2.91e+04  1.23e+04  6.42e+03 -9.37e+03  7.63e+03 -5.83e+03
    5748 -9.00e+03 -4.43e+03  2.87e+04  1.25e+04  6.78e+03 -8.93e+03  7.19e+03 -4.75e+03
    5760 -8.66e+03 -8.31e+03  2.73e+04  1.38e+04  8.50e+03 -8.11e+03  6.88e+03 -1.74e+03
    5772 -8.60e+03 -9.06e+03  2.63e+04  1.41e+04  8.79e+03 -7.45e+03  5.62e+03 -1.07e+03
    5784 -8.15e+03 -1.17e+04  2.38e+04  1.56e+04  1.06e+04 -6.31e+03  3.96e+03  8.31e+02
    5796 -7.96e+03 -1.17e+04  2.24e+04  1.61e+04  1.07e+04 -5.59e+03  1.38e+03  1.23e+03
    5808 -7.14e+03 -1.30e+04  1.91e+04  1.73e+04  1.19e+04 -4.06e+03  6.41e+02  2.85e+03
    5820 -6.72e+03 -1.25e+04  1.75e+04  1.76e+04  1.15e+04 -3.31e+03 -2.01e+03  3.31e+03
    5832 -5.77e+03 -1.29e+04  1.34e+04  1.82e+04  1.28e+04 -1.64e+03 -3.01e+03  4.02e+03
    5844 -5.27e+03 -1.22e+04  1.13e+04  1.83e+04  1.27e+04 -9.83e+02 -5.09e+03  3.98e+03
    5856 -4.34e+03 -1.18e+04  6.81e+03  1.85e+04  1.44e+04  9.83e+02 -5.94e+03  3.92e+03
    5868 -3.79e+03 -1.09e+04  5.16e+03  1.86e+04  1.45e+04  1.60e+03 -6.57e+03  3.47e+03
    5880 -3.16e+03 -9.98e+03  1.48e+03  1.75e+04  1.66e+04  2.94e+03 -7.51e+03  2.67e+03
    5892 -2.79e+03 -9.48e+03 -4.72e+02  1.65e+04  1.73e+04  3.10e+03 -7.64e+03  1.43e+03
    5904 -2.42e+03 -8.75e+03 -2.62e+03  1.45e+04  1.99e+04  4.01e+03 -7.78e+03  7.95e+02
    5916 -1.93e+03 -8.46e+03 -3.31e+03  1.39e+04  2.08e+04  3.91e+03 -7.54e+03 -6.93e+02
    5928 -2.10e+03 -7.58e+03 -5.79e+03  1.15e+04  2.33e+04  4.63e+03 -6.59e+03 -1.60e+03
    5940 -2.10e+03 -7.38e+03 -6.13e+03  9.98e+03  2.45e+04  4.51e+03 -5.53e+03 -2.65e+03
    5952 -3.16e+03 -6.48e+03 -7.75e+03  6.39e+03  2.69e+04  5.16e+03 -3.71e+03 -3.69e+03
    5964 -3.40e+03 -6.02e+03 -7.60e+03  5.03e+03  2.75e+04  4.98e+03 -2.77e+03 -4.04e+03
    5976 -5.04e+03 -4.82e+03 -8.48e+03  1.81e+03  2.89e+04  5.54e+03 -7.65e+02 -5.04e+03
    5988 -5.88e+03 -4.25e+03 -8.26e+03 -5.22e+02  2.94e+04  5.53e+03  6.02e+02 -5.38e+03
    6000 -8.53e+03 -3.42e+03 -8.64e+03 -3.02e+03  3.00e+04  6.24e+03  2.68e+03 -6.14e+03
    6012 -9.97e+03 -2.93e+03 -8.17e+03 -4.39e+03  2.98e+04  6.41e+03  3.44e+03 -6.12e+03
    6024 -1.29e+04 -2.48e+03 -7.91e+03 -6.70e+03  2.86e+04  7.16e+03  5.58e+03 -6.17e+03
    6036 -1.42e+04 -2.09e+03 -7.45e+03 -7.44e+03  2.76e+04  7.38e+03  6.00e+03 -5.90e+03
    6048 -1.68e+04 -2.13e+03 -7.25e+03 -9.94e+03  2.55e+04  8.15e+03  8.09e+03 -5.76e+03
    6060 -1.78e+04 -1.79e+03 -7.16e+03 -1.05e+04  2.43e+04  8.45e+03  8.22e+03 -5.56e+03
    6072 -1.94e+04 -2.56e+03 -6.86e+03 -1.17e+04  2.07e+04  9.07e+03  1.02e+04 -5.06e+03
    6084 -1.97e+04 -2.75e+03 -6.62e+03 -1.14e+04  1.84e+04  9.30e+03  1.04e+04 -4.57e+03
    6096 -2.04e+04 -4.66e+03 -6.05e+03 -1.19e+04  1.41e+04  9.77e+03  1.26e+04 -3.66e+03
    6108 -2.06e+04 -5.36e+03 -5.66e+03 -1.16e+04  1.25e+04  1.01e+04  1.26e+04 -3.15e+03
    6120 -2.06e+04 -7.95e+03 -5.08e+03 -1.17e+04  8.62e+03  1.02e+04  1.47e+04 -2.24e+03
    6132 -2.00e+04 -8.98e+03 -4.63e+03 -1.12e+04  6.78e+03  1.02e+04  1.51e+04 -1.98e+03
    6144 -1.83e+04 -1.26e+04 -4.21e+03 -1.08e+04  2.40e+03  9.59e+03  1.76e+04 -1.15e+03
    6156 -1.69e+04 -1.44e+04 -3.81e+03 -1.05e+04 -1.35e+02  9.48e+03  1.81e+04 -9.84e+02
    6168 -1.43e+04 -1.82e+04 -3.75e+03 -1.03e+04 -2.32e+03  8.47e+03  2.07e+04 -1.49e+02
    6180 -1.27e+04 -1.95e+04 -3.48e+03 -9.96e+03 -3.14e+03  7.91e+03  2.16e+04  1.97e+01
    6192 -9.63e+03 -2.26e+04 -3.98e+03 -9.32e+03 -5.80e+03  5.92e+03  2.43e+04  8.99e+02
    6204 -8.16e+03 -2.39e+04 -4.09e+03 -8.87e+03 -5.97e+03  4.86e+03  2.51e+04  1.03e+03
    6216 -5.13e+03 -2.66e+04 -5.34e+03 -8.30e+03 -7.27e+03  2.44e+03  2.70e+04  2.00e+03
    6228 -3.99e+03 -2.75e+04 -5.76e+03 -7.99e+03 -6.94e+03  1.62e+03  2.76e+04  2.20e+03
    6240 -1.37e+03 -2.85e+04 -7.39e+03 -7.51e+03 -7.73e+03 -1.01e+03  2.94e+04  3.13e+03
    6252 -7.99e+02 -2.81e+04 -7.94e+03 -7.24e+03 -7.36e+03 -2.24e+03  3.01e+04  3.12e+03
    6264  1.83e+03 -2.76e+04 -1.03e+04 -7.05e+03 -7.65e+03 -4.19e+03  3.06e+04  3.97e+03
    6276  2.68e+03 -2.69e+04 -1.15e+04 -6.95e+03 -7.42e+03 -5.06e+03  3.02e+04  4.16e+03
    6288  4.50e+03 -2.50e+04 -1.41e+04 -6.88e+03 -7.38e+03 -7.32e+03  2.92e+04  5.36e+03
    6300  4.55e+03 -2.34e+04 -1.49e+04 -6.63e+03 -6.95e+03 -7.79e+03  2.86e+04  5.92e+03
    6312  5.18e+03 -2.01e+04 -1.72e+04 -6.85e+03 -6.48e+03 -9.57e+03  2.68e+04  7.11e+03
    6324  4.79e+03 -1.83e+04 -1.82e+04 -6.91e+03 -6.17e+03 -1.00e+04  2.57e+04  7.62e+03
    6336  4.91e+03 -1.46e+04 -2.01e+04 -7.65e+03 -5.61e+03 -1.14e+04  2.27e+04  8.61e+03
    6348  4.39e+03 -1.27e+04 -2.06e+04 -7.66e+03 -5.15e+03 -1.14e+04  2.11e+04  9.04e+03
    6360  4.10e+03 -8.47e+03 -2.15e+04 -8.58e+03 -4.50e+03 -1.21e+04  1.74e+04  9.47e+03
    6372  3.63e+03 -6.70e+03 -2.15e+04 -8.78e+03 -4.29e+03 -1.20e+04  1.55e+04  9.47e+03
    6384  3.40e+03 -3.20e+03 -2.17e+04 -1.04e+04 -4.05e+03 -1.23e+04  1.15e+04  9.24e+03
    6396  3.13e+03 -2.23e+03 -2.12e+04 -1.09e+04 -3.78e+03 -1.20e+04  1.00e+04  9.16e+03
    6408  2.63e+03  6.20e+02 -2.00e+04 -1.28e+04 -3.39e+03 -1.17e+04  6.43e+03  8.61e+03
    6420  2.33e+03  2.34e+03 -1.91e+04 -1.35e+04 -2.97e+03 -1.12e+04  5.11e+03  8.36e+03
    6432  1.83e+03  3.33e+03 -1.76e+04 -1.56e+04 -3.03e+03 -1.08e+04  1.64e+03  7.03e+03
    6444  1.89e+03  3.35e+03 -1.68e+04 -1.63e+04 -2.93e+03 -1.05e+04 -1.12e+02  6.34e+03
    6456  1.61e+03  4.65e+03 -1.44e+04 -1.83e+04 -3.57e+03 -9.96e+03 -1.70e+03  4.22e+03
    6468  1.86e+03  4.57e+03 -1.28e+04 -1.89e+04 -3.69e+03 -9.53e+03 -1.86e+03  3.15e+03
    6480  1.32e+03  5.22e+03 -9.64e+03 -2.04e+04 -4.93e+03 -8.85e+03 -3.73e+03  7.95e+02
    6492  1.32e+03  4.63e+03 -8.23e+03 -2.07e+04 -5.27e+03 -8.46e+03 -3.94e+03 -7.47e+02
    6504  5.45e+02  4.56e+03 -5.43e+03 -2.16e+04 -7.06e+03 -7.86e+03 -5.32e+03 -2.58e+03
    6516  4.89e+02  4.19e+03 -4.43e+03 -2.17e+04 -7.77e+03 -7.43e+03 -5.13e+03 -3.79e+03
    6528 -6.69e+02  4.30e+03 -1.88e+03 -2.19e+04 -9.94e+03 -6.97e+03 -5.75e+03 -6.31e+03
    6540 -1.22e+03  4.16e+03 -1.32e+03 -2.15e+04 -1.08e+04 -6.65e+03 -5.50e+03 -6.82e+03
    6552 -2.91e+03  3.93e+03  7.93e+02 -2.10e+04 -1.34e+04 -6.56e+03 -5.99e+03 -8.61e+03
    6564 -3.52e+03  3.89e+03  1.11e+03 -2.04e+04 -1.47e+04 -6.37e+03 -5.94e+03 -9.14e+03
    6576 -5.17e+03  3.71e+03  2.60e+03 -1.92e+04 -1.72e+04 -6.68e+03 -6.16e+03 -1.10e+04
    6588 -5.91e+03  3.86e+03  2.79e+03 -1.83e+04 -1.79e+04 -6.79e+03 -6.01e+03 -1.13e+04
    6600 -7.79e+03  3.30e+03  3.70e+03 -1.66e+04 -1.94e+04 -7.72e+03 -6.01e+03 -1.21e+04
    6612 -8.64e+03  3.33e+03  3.50e+03 -1.55e+04 -1.97e+04 -8.09e+03 -5.76e+03 -1.18e+04
    6624 -1.01e+04  2.38e+03  3.78e+03 -1.35e+04 -2.08e+04 -9.27e+03 -5.56e+03 -1.23e+04
    6636 -1.06e+04  2.29e+03  3.46e+03 -1.25e+04 -2.11e+04 -9.63e+03 -5.30e+03 -1.21e+04
    6648 -1.15e+04  1.00e+03  3.42e+03 -1.04e+04 -2.12e+04 -1.12e+04 -5.11e+03 -1.21e+04
    6660 -1.18e+04  7.86e+02  3.03e+03 -9.47e+03 -2.05e+04 -1.20e+04 -4.89e+03 -1.17e+04
    6672 -1.20e+04 -1.18e+03  2.73e+03 -7.83e+03 -1.94e+04 -1.37e+04 -4.88e+03 -1.12e+04
    6684 -1.18e+04 -2.01e+03  2.61e+03 -7.55e+03 -1.86e+04 -1.41e+04 -4.71e+03 -1.06e+04
    6696 -1.10e+04 -4.68e+03  2.41e+03 -6.38e+03 -1.70e+04 -1.57e+04 -4.82e+03 -1.01e+04
    6708 -1.03e+04 -5.81e+03  2.45e+03 -6.07e+03 -1.60e+04 -1.62e+04 -4.57e+03 -9.85e+03
    6720 -8.58e+03 -8.44e+03  2.06e+03 -5.02e+03 -1.35e+04 -1.78e+04 -4.89e+03 -9.10e+03
    6732 -7.54e+03 -9.60e+03  2.10e+03 -4.98e+03 -1.21e+04 -1.82e+04 -4.80e+03 -8.54e+03
    6744 -5.30e+03 -1.24e+04  1.39e+03 -4.45e+03 -9.47e+03 -1.92e+04 -5.67e+03 -7.58e+03
    6756 -4.14e+03 -1.38e+04  1.14e+03 -4.45e+03 -8.28e+03 -1.94e+04 -5.88e+03 -7.26e+03
    6768 -1.65e+03 -1.60e+04  2.25e+01 -3.95e+03 -5.76e+03 -2.00e+04 -7.25e+03 -6.63e+03
    6780  3.54e+02 -1.64e+04 -2.53e+02 -3.94e+03 -4.88e+03 -1.97e+04 -7.73e+03 -6.35e+03
    6792  2.02e+03 -1.70e+04 -1.45e+03 -3.80e+03 -2.68e+03 -1.94e+04 -9.55e+03 -5.60e+03
    6804  3.31e+03 -1.68e+04 -1.77e+03 -3.87e+03 -2.03e+03 -1.88e+04 -1.03e+04 -5.17e+03
    6816  4.91e+03 -1.68e+04 -3.27e+03 -3.72e+03 -4.05e+02 -1.83e+04 -1.24e+04 -4.76e+03
    6828  5.44e+03 -1.66e+04 -3.80e+03 -3.62e+03 -2.81e+02 -1.79e+04 -1.32e+04 -4.57e+03
    6840  6.79e+03 -1.54e+04 -5.39e+03 -3.56e+03  7.93e+02 -1.69e+04 -1.52e+04 -4.35e+03
    6852  7.14e+03 -1.41e+04 -6.01e+03 -3.42e+03  8.94e+02 -1.61e+04 -1.60e+04 -4.10e+03
    6864  7.79e+03 -1.16e+04 -7.74e+03 -3.54e+03  1.72e+03 -1.45e+04 -1.76e+04 -4.39e+03
    6876  7.66e+03 -1.02e+04 -8.59e+03 -3.43e+03  1.63e+03 -1.37e+04 -1.81e+04 -4.63e+03
    6888  7.25e+03 -7.44e+03 -1.01e+04 -3.68e+03  1.83e+03 -1.23e+04 -1.90e+04 -5.54e+03
    6900  6.63e+03 -6.04e+03 -1.06e+04 -3.53e+03  1.52e+03 -1.17e+04 -1.91e+04 -5.78e+03
    6912  5.61e+03 -2.84e+03 -1.12e+04 -4.07e+03  1.49e+03 -1.02e+04 -1.93e+04 -6.74e+03
    6924  5.00e+03 -1.89e+03 -1.13e+04 -4.27e+03  1.25e+03 -9.56e+03 -1.91e+04 -7.13e+03
    6936  3.46e+03  1.43e+03 -1.14e+04 -5.38e+03  1.09e+03 -8.17e+03 -1.84e+04 -8.71e+03
    6948  2.52e+03  3.48e+03 -1.12e+04 -5.77e+03  9.50e+02 -7.70e+03 -1.77e+04 -9.43e+03
    6960  4.78e+02  5.20e+03 -1.05e+04 -6.99e+03  7.42e+02 -6.83e+03 -1.59e+04 -1.11e+04
    6972 -1.06e+03  5.85e+03 -9.88e+03 -7.27e+03  7.31e+02 -6.86e+03 -1.45e+04 -1.16e+04
    6984 -2.32e+03  7.42e+03 -8.26e+03 -8.55e+03  4.89e+02 -6.35e+03 -1.19e+04 -1.30e+04
    6996 -2.98e+03  7.58e+03 -7.38e+03 -9.00e+03  6.24e+02 -6.27e+03 -1.04e+04 -1.34e+04
    7008 -4.86e+03  8.45e+03 -5.36e+03 -1.05e+04  2.81e+02 -5.70e+03 -7.87e+03 -1.47e+04
    7020 -5.48e+03  8.32e+03 -4.47e+03 -1.12e+04  3.26e+02 -5.67e+03 -6.84e+03 -1.52e+04
    7032 -7.09e+03  8.21e+03 -1.92e+03 -1.28e+04 -4.33e+02 -5.46e+03 -4.49e+03 -1.61e+04
    7044 -7.44e+03  7.64e+03  2.87e+02 -1.34e+04 -6.35e+02 -5.58e+03 -3.59e+03 -1.60e+04
    7056 -8.55e+03  6.90e+03  2.14e+03 -1.44e+04 -1.65e+03 -5.48e+03 -1.38e+03 -1.62e+04
    7068 -8.54e+03  6.38e+03  3.45e+03 -1.46e+04 -1.93e+03 -5.38e+03 -8.10e+02 -1.59e+04
    7080 -9.13e+03  5.12e+03  5.27e+03 -1.50e+04 -3.28e+03 -5.10e+03  8.49e+02 -1.56e+04
    7092 -8.94e+03  4.34e+03  6.04e+03 -1.51e+04 -3.89e+03 -4.73e+03  1.02e+03 -1.50e+04
    7104 -9.19e+03  2.48e+03  7.83e+03 -1.51e+04 -5.39e+03 -4.68e+03  2.00e+03 -1.42e+04
    7116 -8.94e+03  1.68e+03  8.27e+03 -1.48e+04 -5.92e+03 -4.65e+03  1.98e+03 -1.38e+04
    7128 -8.93e+03 -2.38e+02  9.04e+03 -1.41e+04 -7.34e+03 -4.99e+03  2.41e+03 -1.29e+04
    7140 -8.68e+03 -1.64e+03  8.95e+03 -1.35e+04 -8.10e+03 -4.88e+03  2.14e+03 -1.23e+04
    7152 -8.47e+03 -2.80e+03  9.00e+03 -1.22e+04 -9.49e+03 -5.16e+03  2.08e+03 -1.10e+04
    7164 -8.24e+03 -3.34e+03  8.73e+03 -1.14e+04 -1.01e+04 -5.15e+03  1.74e+03 -1.02e+04
    7176 -7.87e+03 -5.23e+03  8.00e+03 -9.71e+03 -1.07e+04 -6.08e+03  1.50e+03 -8.95e+03
    7188 -7.62e+03 -5.77e+03  7.35e+03 -8.75e+03 -1.07e+04 -6.54e+03  1.25e+03 -8.43e+03
    7200 -7.13e+03 -7.46e+03  5.79e+03 -6.92e+03 -1.08e+04 -7.71e+03  7.48e+02 -7.32e+03
    7212 -6.80e+03 -7.71e+03  4.77e+03 -6.04e+03 -1.07e+04 -7.93e+03  4.95e+02 -7.01e+03
    7224 -6.24e+03 -9.11e+03  2.70e+03 -4.28e+03 -9.64e+03 -9.01e+03 -1.91e+02 -6.10e+03
    7236 -5.89e+03 -9.41e+03  1.03e+03 -3.57e+03 -8.71e+03 -9.27e+03 -7.25e+02 -5.85e+03
    7248 -5.37e+03 -1.05e+04 -3.88e+02 -2.22e+03 -7.11e+03 -1.07e+04 -9.22e+02 -5.21e+03
    7260 -5.11e+03 -1.04e+04 -1.91e+03 -1.93e+03 -6.55e+03 -1.14e+04 -9.17e+02 -5.26e+03
    7272 -4.81e+03 -1.10e+04 -3.29e+03 -1.08e+03 -4.73e+03 -1.29e+04 -1.64e+03 -4.72e+03
    7284 -4.73e+03 -1.10e+04 -3.94e+03 -9.20e+02 -3.55e+03 -1.33e+04 -1.60e+03 -4.42e+03
    7296 -4.64e+03 -1.16e+04 -5.79e+03 -4.18e+02 -9.00e+02 -1.44e+04 -2.51e+03 -3.83e+03
    7308 -4.63e+03 -1.14e+04 -6.38e+03 -4.54e+02  9.73e+02 -1.47e+04 -2.73e+03 -3.78e+03
    7320 -4.66e+03 -1.15e+04 -7.83e+03 -4.62e+02  2.29e+03 -1.57e+04 -4.17e+03 -3.72e+03
    7332 -4.65e+03 -1.13e+04 -7.92e+03 -7.33e+02  3.10e+03 -1.59e+04 -4.64e+03 -3.71e+03
    7344 -4.82e+03 -1.13e+04 -8.53e+03 -9.79e+02  5.12e+03 -1.63e+04 -6.17e+03 -3.55e+03
    7356 -4.90e+03 -1.11e+04 -8.31e+03 -1.26e+03  5.85e+03 -1.60e+04 -6.56e+03 -3.42e+03
    7368 -5.25e+03 -1.09e+04 -8.71e+03 -2.10e+03  7.07e+03 -1.55e+04 -8.03e+03 -3.50e+03
    7380 -5.42e+03 -1.07e+04 -8.60e+03 -2.52e+03  7.28e+03 -1.50e+04 -8.59e+03 -3.53e+03
    7392 -5.87e+03 -1.04e+04 -8.60e+03 -3.52e+03  7.74e+03 -1.44e+04 -1.03e+04 -3.75e+03
    7404 -6.07e+03 -1.01e+04 -8.21e+03 -3.84e+03  7.54e+03 -1.41e+04 -1.10e+04 -3.81e+03
    7416 -6.50e+03 -9.75e+03 -7.77e+03 -5.10e+03  7.15e+03 -1.32e+04 -1.26e+04 -4.38e+03
    7428 -6.64e+03 -9.41e+03 -7.44e+03 -5.61e+03  6.67e+03 -1.24e+04 -1.31e+04 -4.57e+03
    7440 -6.93e+03 -9.17e+03 -6.92e+03 -6.79e+03  5.54e+03 -1.10e+04 -1.37e+04 -5.18e+03
    7452 -6.97e+03 -8.99e+03 -6.62e+03 -6.88e+03  4.75e+03 -1.03e+04 -1.37e+04 -5.13e+03
    7464 -7.14e+03 -8.82e+03 -5.92e+03 -8.02e+03  3.13e+03 -8.93e+03 -1.38e+04 -5.75e+03
    7476 -7.05e+03 -8.69e+03 -5.49e+03 -8.49e+03  2.42e+03 -8.24e+03 -1.38e+04 -5.97e+03
    7488 -7.03e+03 -8.64e+03 -4.68e+03 -9.82e+03  4.72e+02 -7.13e+03 -1.34e+04 -7.00e+03
    7500 -6.80e+03 -8.83e+03 -4.20e+03 -9.89e+03 -1.11e+03 -6.78e+03 -1.28e+04 -7.42e+03
    7512 -6.64e+03 -9.04e+03 -3.42e+03 -1.06e+04 -2.73e+03 -6.10e+03 -1.14e+04 -8.55e+03
    7524 -6.39e+03 -9.23e+03 -3.10e+03 -1.07e+04 -3.46e+03 -5.82e+03 -1.04e+04 -9.06e+03
    7536 -6.28e+03 -9.12e+03 -2.69e+03 -1.17e+04 -5.34e+03 -5.31e+03 -8.53e+03 -1.01e+04
    7548 -6.07e+03 -9.06e+03 -2.60e+03 -1.19e+04 -5.81e+03 -5.27e+03 -7.61e+03 -1.04e+04
    7560 -6.05e+03 -8.71e+03 -2.47e+03 -1.25e+04 -7.69e+03 -5.40e+03 -5.55e+03 -1.09e+04
    7572 -5.82e+03 -8.59e+03 -2.45e+03 -1.24e+04 -8.23e+03 -5.62e+03 -4.59e+03 -1.09e+04
    7584 -5.81e+03 -8.14e+03 -2.53e+03 -1.29e+04 -9.69e+03 -5.94e+03 -2.49e+03 -1.13e+04
    7596 -5.64e+03 -7.97e+03 -2.55e+03 -1.28e+04 -9.81e+03 -6.06e+03 -1.74e+03 -1.13e+04
    7608 -5.95e+03 -7.21e+03 -2.84e+03 -1.32e+04 -1.08e+04 -6.69e+03  4.16e+02 -1.13e+04
    7620 -6.12e+03 -6.66e+03 -2.99e+03 -1.31e+04 -1.09e+04 -7.06e+03  1.62e+03 -1.10e+04
    7632 -6.83e+03 -5.54e+03 -3.64e+03 -1.35e+04 -1.16e+04 -7.85e+03  2.45e+03 -1.04e+04
    7644 -7.11e+03 -4.87e+03 -4.01e+03 -1.35e+04 -1.15e+04 -8.05e+03  2.61e+03 -9.93e+03
    7656 -7.83e+03 -3.98e+03 -4.95e+03 -1.37e+04 -1.16e+04 -8.92e+03  3.34e+03 -9.13e+03
    7668 -8.09e+03 -3.46e+03 -5.32e+03 -1.35e+04 -1.13e+04 -9.32e+03  3.45e+03 -8.71e+03
    7680 -8.84e+03 -2.60e+03 -6.12e+03 -1.35e+04 -1.14e+04 -1.03e+04  3.80e+03 -7.59e+03
    7692 -9.19e+03 -1.83e+03 -6.29e+03 -1.33e+04 -1.12e+04 -1.03e+04  3.62e+03 -6.94e+03
    7704 -9.99e+03 -1.40e+03 -7.04e+03 -1.35e+04 -1.09e+04 -1.08e+04  3.14e+03 -5.64e+03
    7716 -1.03e+04 -1.33e+03 -7.35e+03 -1.34e+04 -1.06e+04 -1.08e+04  2.61e+03 -5.02e+03
    7728 -1.08e+04 -1.96e+03 -8.17e+03 -1.35e+04 -1.01e+04 -1.15e+04  1.77e+03 -3.83e+03
    7740 -1.08e+04 -2.27e+03 -8.33e+03 -1.34e+04 -9.77e+03 -1.15e+04  9.67e+02 -3.34e+03
    7752 -1.08e+04 -3.28e+03 -8.80e+03 -1.35e+04 -9.20e+03 -1.19e+04  1.97e+02 -2.30e+03
    7764 -1.06e+04 -3.72e+03 -8.63e+03 -1.34e+04 -8.83e+03 -1.17e+04 -8.15e+02 -1.92e+03
    7776 -1.04e+04 -5.47e+03 -8.82e+03 -1.35e+04 -8.28e+03 -1.20e+04 -1.75e+03 -1.28e+03
    7788 -1.02e+04 -6.33e+03 -8.56e+03 -1.34e+04 -7.92e+03 -1.19e+04 -2.28e+03 -1.24e+03
    7800 -9.85e+03 -8.36e+03 -8.67e+03 -1.35e+04 -7.54e+03 -1.21e+04 -3.55e+03 -1.03e+03
    7812 -9.36e+03 -9.04e+03 -8.44e+03 -1.34e+04 -7.33e+03 -1.21e+04 -3.82e+03 -1.12e+03
    7824 -8.50e+03 -1.13e+04 -8.69e+03 -1.35e+04 -7.03e+03 -1.24e+04 -4.93e+03 -1.10e+03
    7836 -7.79e+03 -1.22e+04 -8.56e+03 -1.35e+04 -6.78e+03 -1.25e+04 -5.16e+03 -1.15e+03
    7848 -7.07e+03 -1.45e+04 -8.83e+03 -1.35e+04 -6.78e+03 -1.27e+04 -6.32e+03 -1.46e+03
    7860 -6.73e+03 -1.52e+04 -8.63e+03 -1.33e+04 -6.94e+03 -1.25e+04 -6.62e+03 -1.69e+03
    7872 -6.39e+03 -1.68e+04 -8.96e+03 -1.31e+04 -7.33e+03 -1.25e+04 -7.51e+03 -2.26e+03
    7884 -5.97e+03 -1.72e+04 -8.94e+03 -1.29e+04 -7.42e+03 -1.23e+04 -7.50e+03 -2.48e+03
    7896 -5.58e+03 -1.87e+04 -9.64e+03 -1.28e+04 -7.70e+03 -1.23e+04 -8.05e+03 -3.22e+03
    7908 -5.25e+03 -1.91e+04 -9.88e+03 -1.26e+04 -7.84e+03 -1.22e+04 -8.14e+03 -3.61e+03
    7920 -5.51e+03 -1.99e+04 -1.08e+04 -1.23e+04 -8.41e+03 -1.21e+04 -8.69e+03 -4.57e+03
    7932 -5.66e+03 -1.93e+04 -1.09e+04 -1.18e+04 -8.45e+03 -1.18e+04 -8.63e+03 -4.77e+03
    7944 -6.78e+03 -1.94e+04 -1.22e+04 -1.16e+04 -9.26e+03 -1.19e+04 -8.94e+03 -5.69e+03
    7956 -7.10e+03 -1.84e+04 -1.22e+04 -1.11e+04 -9.27e+03 -1.15e+04 -8.66e+03 -5.67e+03
    7968 -8.45e+03 -1.83e+04 -1.34e+04 -1.11e+04 -9.88e+03 -1.16e+04 -8.67e+03 -6.41e+03
    7980 -5.38e+03 -1.17e+04 -8.55e+03 -7.08e+03 -6.29e+03 -7.36e+03 -5.52e+03 -4.08e+03
    7992 -1.01e+04 -1.75e+04 -1.44e+04 -1.12e+04 -9.96e+03 -1.13e+04 -8.14e+03 -6.94e+03
    8004 -6.41e+03 -1.12e+04 -9.17e+03 -7.16e+03 -6.34e+03 -7.18e+03 -5.18e+03 -4.42e+03
    8016 -1.19e+04 -1.64e+04 -1.50e+04 -1.19e+04 -9.57e+03 -1.11e+04 -7.68e+03 -7.46e+03
    8028 -7.59e+03 -1.04e+04 -9.57e+03 -7.57e+03 -6.08e+03 -7.05e+03 -4.89e+03 -4.75e+03
    8040 -1.35e+04 -1.52e+04 -1.53e+04 -1.25e+04 -9.15e+03 -1.10e+04 -7.45e+03 -7.84e+03
    8052 -8.59e+03 -9.67e+03 -9.75e+03 -7.95e+03 -5.82e+03 -6.97e+03 -4.74e+03 -4.99e+03
